pT_j1 eta_j1 phi_j1 pT_j2 eta_j2 phi_j2 m_jj tau21_j1 tau21_j2 tau32_j1 tau32_j2 met phi_met min_dPhi ht 
376.049 1.42076 -2.30827 307.708 0.0692084 -0.792454 731.678 0.12309 0.700598 0.777382 0.823046 617.196 1.5204 2.31285 679.45
352.174 -1.0289 2.93428 300.197 0.470086 1.26053 738.751 0.633426 0.787454 0.728632 0.748734 88.0919 -1.27351 2.0754 723.09
288.032 0.169553 -0.160144 262.877 1.51248 -0.0528834 423.808 0.799983 0.650527 0.74356 0.839922 771.993 3.01489 3.06777 619.636
360.816 -0.64725 -2.04748 265.5 -1.49223 -2.66107 345.976 0.627348 0.518294 0.803083 0.694355 440.47 1.03309 2.58902 639.72
271.165 -0.0427233 -0.983168 271.018 0.827556 -1.88897 360.173 0.607386 0.304348 0.522713 0.620401 77.4924 1.98679 2.40743 662.475
360.445 -0.429343 -2.15901 271.82 0.74145 2.40934 617.3 0.283206 0.41922 0.766244 0.683508 815.506 0.0450354 2.20405 697.447
295.246 -0.393465 1.68068 287.72 -0.227442 0.185678 412.875 0.600455 0.542387 0.836496 0.656187 600.838 -2.5577 2.04481 712.701
494 -0.0370166 0.937577 279.566 1.47155 2.34141 794.552 0.402156 0.708615 0.778165 0.751939 159.213 -1.70262 2.23916 975.312
341.674 -0.705938 2.21694 310.539 -0.24005 0.0821366 604.749 0.60426 0.77277 0.766104 0.822627 408.947 -2.03399 2.03226 700.336
329.233 0.016075 0.0714601 275.92 -1.99247 1.83108 868.727 0.647139 0.67322 0.589367 0.669086 201.391 -2.0152 2.08666 680.534
486.327 1.57849 0.409527 266.38 0.800206 -1.42431 683.444 0.698162 0.239059 0.850853 0.668608 648.796 2.70842 2.15045 811.065
378.768 -1.27912 0.275179 301.248 -0.226169 -1.77089 700.083 0.736358 0.744066 0.803541 0.713085 500.391 2.42265 2.08964 689.306
313.346 0.0478143 0.48246 272.604 0.352967 2.05611 447.242 0.827017 0.747302 0.753079 0.74197 554.817 -1.69503 2.17749 708.099
291.18 1.17392 -0.486666 277.391 -0.285645 -0.238651 463.581 0.610319 0.345783 0.740862 0.573484 582.919 2.61116 2.84981 841.553
571.346 -0.57697 0.644815 563.487 0.543281 1.50558 844.542 0.671005 0.609943 0.810393 0.750949 318.475 -2.09213 2.68548 1421.99
312.309 0.296034 1.34442 264.545 1.44313 0.580287 438.112 0.73335 0.196717 0.726014 0.608858 1015.56 -1.97343 2.55372 684.221
521.018 -0.957589 -0.985772 292.471 1.26835 0.689893 1215.31 0.780406 0.600696 0.734575 0.725934 292.895 2.82033 2.13044 924.164
421.035 0.575806 -2.93176 323.413 0.384248 2.08609 455.707 0.46408 0.725347 0.598634 0.713461 752.375 -0.565853 2.36591 747.095
368.582 1.47612 2.24124 254.688 0.0788627 0.738762 658.991 0.719061 0.311886 0.880201 0.611555 648.059 -1.94806 2.09388 629.06
273.119 -1.13157 0.30981 254.17 -0.53528 -1.33148 445.697 0.779379 0.550605 0.739613 0.825669 970.704 2.68909 2.26262 502.497
349.52 0.544519 1.50919 289.348 0.525416 -3.11102 483.336 0.587179 0.651976 0.806768 0.55594 245.511 -1.00853 2.10249 873.325
376.969 -0.881837 0.234294 253.701 -1.56565 -2.06749 633.107 0.512716 0.703291 0.831473 0.829784 276.758 2.18888 1.95459 680.177
302.449 -1.85844 2.14494 299.05 1.99425 0.855466 2058.7 0.724589 0.788304 0.765312 0.764806 213.065 -1.8894 2.24884 679.551
369.112 1.31633 -1.4672 260.065 -1.41597 0.100425 1227.63 0.58032 0.376408 0.87428 0.827469 678.911 2.21539 2.11497 584.802
415.706 -0.907963 -1.87871 359.433 0.426953 0.0396398 869.729 0.811491 0.416216 0.756614 0.761527 321.19 2.24056 2.16392 908.471
477.893 -0.62611 -0.384947 298.311 -0.250758 1.57704 654.393 0.81729 0.330063 0.871919 0.721202 325.453 -2.49868 2.11373 921.972
355.154 -1.48319 2.00475 296.041 0.568702 -2.79067 909.437 0.397082 0.483098 0.679415 0.763673 209.433 -0.132926 2.13768 889.002
357.888 -0.129576 0.673086 314.85 -0.978075 2.14627 548.494 0.679236 0.487105 0.777598 0.738247 501.193 -1.68936 2.36245 774.869
392.729 0.13795 1.80075 310.772 -0.240989 0.134391 549.005 0.689013 0.756201 0.817794 0.877086 279.238 -2.09688 2.23127 769.348
491.405 -1.1897 0.509157 444.863 -1.80944 2.33936 802.86 0.592487 0.719963 0.70084 0.687 439.529 -1.58714 2.0963 1035.65
516.37 -0.504451 2.24098 295.52 1.43945 0.285764 1102.87 0.661364 0.797987 0.769452 0.734994 759.185 -2.00412 2.03809 787.004
398.333 0.862074 -1.88468 262.711 -0.049595 -1.03299 427.498 0.741555 0.531054 0.798089 0.832302 924.113 1.10694 2.13992 718.831
278.274 -0.0733917 -1.96046 267.283 -0.484972 2.28388 488.169 0.340218 0.768313 0.685182 0.735897 386.551 0.0498726 2.01033 547.18
363.229 -0.0804105 0.148329 316.98 1.31162 -0.977944 636.755 0.831949 0.757553 0.726095 0.875994 849.328 2.84867 2.45657 676.507
296.398 -0.47947 -2.25633 262.528 -1.18572 2.04838 526.322 0.764744 0.745213 0.826698 0.723326 697.896 -0.0454498 2.09383 515.32
280.248 -0.309107 0.224512 274.55 -1.28808 2.08238 583.186 0.191653 0.399846 0.6783 0.754724 653.362 -2.06006 2.14075 619.624
375.593 0.331282 -0.64444 299.43 0.61238 -1.89517 416.78 0.66455 0.677966 0.72371 0.635798 1023.11 2.15857 2.22944 700.346
429.973 0.614774 -1.637 405.382 -0.887065 2.90883 950.302 0.726002 0.783099 0.768454 0.784305 804.451 0.830042 2.07879 793.052
419.019 -0.941631 -0.761685 371.896 0.339197 -2.28371 775.297 0.758171 0.32483 0.684502 0.566492 394.138 1.81119 2.18829 896.823
403.025 -0.524536 0.0888336 268.972 -1.32134 -1.29851 515.545 0.721413 0.482265 0.778756 0.707256 175.425 2.74756 2.23711 795.648
364.987 -1.13651 2.6731 252.5 0.381366 -1.90548 689.563 0.714883 0.714007 0.762293 0.708669 890.657 0.204253 2.10973 653.699
470.238 0.971928 -2.15944 278.004 1.24188 2.9472 426.828 0.7572 0.673042 0.661001 0.756114 932.615 0.409978 2.53722 921.108
341.973 -0.205033 -2.27434 325.841 -0.374178 -0.494936 539.63 0.746349 0.660853 0.750314 0.538217 534.761 1.9545 2.05435 670.886
433.675 0.575583 -0.875884 299.673 1.61862 0.897322 698.125 0.683035 0.782863 0.871382 0.803136 574.198 3.06286 2.16554 713.962
340.468 -1.02991 -2.20616 252.743 -0.248617 -0.691137 490.216 0.798541 0.479192 0.886328 0.708735 816.065 1.65173 2.34287 554.836
331.314 1.35756 0.891733 331 1.17393 -1.24064 602.54 0.731453 0.567287 0.794874 0.851247 419.553 2.98331 2.05924 630.146
652.599 0.218321 -2.49451 260.844 -0.499939 2.51205 596.781 0.693247 0.777548 0.77337 0.802242 140.526 0.0570316 2.45501 1088.53
340.205 0.828804 -1.7974 339.607 1.17086 2.69509 565.269 0.589622 0.426152 0.747137 0.54744 486.083 0.321328 2.11873 735.519
486.432 0.231086 1.62871 350.95 -1.70188 -2.60146 1175.43 0.695896 0.774057 0.7671 0.854094 607.67 -0.528975 2.07249 899.157
387.244 -0.287875 -2.62789 359.054 -0.0937 -1.24363 500.735 0.821576 0.649107 0.790519 0.733364 515.459 1.47494 2.18036 756.354
348.454 0.875655 1.49502 264.353 -0.878856 2.59909 698.455 0.62762 0.768748 0.790087 0.899621 87.9425 -1.0937 2.58872 764.27
333.995 0.587599 0.718141 274.808 -0.576442 2.90365 669.177 0.794139 0.348121 0.789181 0.627378 146.454 -1.30083 2.01897 670.448
320.44 -0.756236 1.97598 256.301 2.11785 0.89407 1185.9 0.866951 0.661045 0.768615 0.601843 684.947 -1.48728 2.38135 613.817
319.225 0.600918 1.65751 262.48 0.743813 -1.22648 620.993 0.404748 0.183896 0.695699 0.639447 333.308 -1.15271 0.0737716 757.258
601.344 -1.27248 2.50331 332.612 -0.390851 -2.96428 558.654 0.598494 0.752856 0.724115 0.698488 1258.91 -0.390216 2.57407 1049.93
338.762 -1.87441 0.952396 258.69 -0.53613 0.297234 475.404 0.25333 0.836257 0.728589 0.806179 947.762 -2.43536 2.7326 608.304
364.063 0.55487 1.40541 318.275 0.630641 2.84726 475.844 0.532754 0.771363 0.764178 0.664805 149.57 -1.21983 2.2161 884.889
338.682 -0.694236 0.917301 268.82 -1.27547 -0.610761 477.438 0.744499 0.175499 0.70997 0.71984 580.111 -2.93963 2.32887 591.544
467.207 0.756927 0.771002 273.375 -0.484311 2.45914 721.563 0.780198 0.755304 0.864412 0.790326 739.848 -1.83203 1.99201 718.891
576.264 0.127455 -2.76441 298.544 -1.2029 -1.04613 871.951 0.662317 0.725304 0.791495 0.777147 691.765 0.966631 2.01276 852.317
432.399 1.45211 0.342067 267.827 0.877329 2.07595 580.539 0.827864 0.794956 0.895545 0.773861 781.838 -2.18708 2.02015 649.685
352.889 -1.18528 -1.61237 258.666 -0.7616 2.91703 519.025 0.624509 0.285872 0.684759 0.59013 258.046 0.554335 2.16671 712.8
291.174 -0.557603 0.151562 281.019 -1.73444 -1.44876 564.539 0.603289 0.577108 0.818793 0.825532 403.45 2.53082 2.30361 597.674
315.732 -1.50805 2.90473 305.629 0.311057 -2.24894 744.778 0.496124 0.589396 0.719879 0.749662 791.766 0.635794 2.26894 597.074
665.054 -0.179646 1.85404 333.611 0.0682195 -3.10779 600.097 0.706026 0.646718 0.832785 0.743368 198.712 -1.00481 2.10298 1199.02
489.716 0.911468 0.0324886 253.989 -0.793874 -1.68456 898.648 0.750566 0.293281 0.854309 0.667994 170.721 2.05062 2.01813 939.52
310.336 -0.0025801 -1.86994 289.368 0.159067 2.55801 489.395 0.615234 0.57246 0.794384 0.72522 245.391 0.276059 2.14599 760.91
419.64 -0.687487 -0.443001 370.084 0.114147 0.580009 516.358 0.650799 0.788768 0.701529 0.736481 1054.41 -2.85652 2.41352 883.89
305.153 -0.627606 -0.213317 283.24 -0.488115 -1.79255 448.444 0.777616 0.668823 0.82536 0.702713 321.598 2.40452 2.08612 672.981
515.284 0.436335 -1.80132 285.21 -0.153608 -3.13803 547.36 0.61823 0.816255 0.455583 0.715891 296.381 0.636955 2.43828 990.49
434.211 -0.639753 -0.86454 374.248 -0.989096 0.754226 608.623 0.729515 0.720674 0.75011 0.845981 193.464 3.09428 2.32437 1105.26
447.982 0.640694 -2.49179 277.52 -0.41873 1.85686 729.697 0.713176 0.532892 0.884102 0.807403 206.231 -0.413957 2.07783 943.935
369.924 1.22171 -2.41429 270.139 -0.301268 -0.605951 734.747 0.609404 0.765617 0.511603 0.838339 403.645 1.47108 2.07704 693.425
364.164 1.21439 0.0745589 279.744 0.553622 2.34942 674.024 0.596681 0.266556 0.759929 0.867839 124.856 2.41519 0.0657678 765.546
508.757 -0.258526 1.60348 308.584 -1.29157 1.96552 460.282 0.605189 0.662122 0.709347 0.719327 303.506 -1.01743 2.62091 939.048
425.594 0.684891 -0.972214 288.709 -0.83676 -2.39767 758.28 0.579414 0.364154 0.775336 0.810959 642.846 1.50182 2.3837 719.596
318.953 -0.495134 -2.2996 301.856 0.161521 -1.13954 409.886 0.848738 0.522338 0.704251 0.451072 410.457 1.4732 2.51039 841.982
307.721 -1.67271 0.474139 291.622 -0.953364 2.21276 538.781 0.580261 0.61568 0.78699 0.836329 529.952 -1.70888 2.18301 566.399
622.439 -0.28121 -0.470091 298.35 -0.732712 1.17808 683.233 0.427359 0.700567 0.859793 0.733319 930.443 -3.01906 2.08605 929.589
339.268 0.193967 -2.87217 303.812 -2.23447 -1.31893 1095.77 0.711079 0.33088 0.877502 0.841182 337.038 1.01142 2.33034 723.224
618.183 -0.629302 1.40504 286.233 -1.05954 2.33984 452.094 0.728713 0.434192 0.628787 0.618264 1034.98 -1.50848 2.43486 1174.66
305.993 1.40901 2.33483 269.175 -1.11622 -2.32906 1026.41 0.608179 0.567279 0.732104 0.71584 86.6958 0.0806509 2.25418 895.265
638.932 -0.238426 -2.26371 401.209 0.773971 2.54046 871.33 0.631145 0.759897 0.653218 0.721185 740.783 0.171219 2.36925 1108.88
428.497 -1.09625 2.60917 300.509 0.455729 2.71143 628.947 0.414751 0.777339 0.771306 0.755974 191.335 -1.25578 2.31598 874.645
358.638 0.0227747 2.54431 338.009 -0.476924 0.953999 533.428 0.213001 0.806119 0.660391 0.76033 513.575 -1.14029 2.09428 953.199
315.662 -1.08844 -2.47649 292.865 -0.113873 1.18126 703.718 0.392146 0.227363 0.710355 0.766697 50.3544 0.840216 0.341047 796.33
288.758 -1.07432 -0.228301 255.67 0.112506 -0.295673 352.698 0.704848 0.811843 0.686882 0.771349 595.865 2.69304 2.92134 622.442
515.803 -0.110927 -2.70697 290.541 -0.607588 1.49877 729.691 0.791933 0.359334 0.796537 0.700313 836.686 -0.43751 1.93628 755.291
441.797 -0.753638 -1.76975 329.041 -0.550093 0.293723 671.693 0.754575 0.755682 0.821363 0.757429 550.385 2.51333 2.0001 763.266
571.851 1.19526 3.10083 352.282 -0.62386 -1.55582 1153.18 0.436858 0.664187 0.690554 0.651837 262.848 0.823986 2.27684 1006
455.985 -0.504264 -2.54204 347.784 -1.43536 -0.634903 768.662 0.777755 0.566288 0.787839 0.793597 346.754 1.34625 1.98115 947.918
417.771 0.201945 -1.22109 282.377 0.455937 -2.54374 451.121 0.803201 0.686374 0.760618 0.754514 575.448 1.72915 2.01029 740.612
392.242 -0.569254 1.37631 353.497 -1.1104 -3.0266 654.472 0.774052 0.826826 0.802064 0.83059 557.674 -0.720703 2.09701 702.611
447.988 -0.376349 -1.27562 295.133 0.336681 3.10759 666.362 0.440236 0.719631 0.735136 0.752381 175.499 1.06545 2.04214 927.976
304.663 -0.602349 2.91749 260.527 -0.388408 1.67739 345.9 0.615754 0.446274 0.659261 0.639407 436.879 -0.356765 2.03416 680.425
399.555 0.26921 2.65161 282.499 0.529421 -1.67325 577.303 0.660974 0.823735 0.77612 0.814784 588.057 0.56172 2.08989 679.879
300.963 -0.682486 -0.781166 260.734 0.986423 -0.364579 546.993 0.536637 0.822484 0.611477 0.772333 183.398 2.47281 2.83739 722.423
372.703 0.623085 -2.82522 283.562 0.581967 1.59268 528.574 0.687098 0.687658 0.786968 0.748398 218.487 -0.542915 2.1356 976.895
307.38 0.488114 -1.10249 264.711 1.25924 -2.00674 353.725 0.775768 0.336601 0.785707 0.719567 83.1628 1.41202 2.51451 659.864
356.403 -0.563727 0.985666 311.197 -0.247546 -2.63363 671.185 0.724501 0.812619 0.692105 0.800236 296.729 -2.94403 0.310401 895.561
387.422 1.00073 -0.955331 333.163 1.30124 0.601977 528.321 0.778847 0.781581 0.796207 0.84618 559.189 -3.13006 2.17473 896.317
313.065 -0.336564 1.97755 270.126 0.112298 -2.84425 437.125 0.602927 0.729613 0.750271 0.828344 481.95 -0.626976 2.21727 746.375
379.797 -0.786433 2.54241 334.506 2.35681 0.952755 1734.08 0.514005 0.506171 0.826614 0.831869 398.86 -1.13404 2.08679 889.191
347.023 0.0970074 -0.926667 331.955 0.233036 -1.93397 349.416 0.643474 0.508562 0.592848 0.549472 443.154 1.5504 2.47707 797.752
329.208 1.10953 -2.13974 287.658 0.868303 2.2129 523.548 0.394941 0.77289 0.844562 0.709394 520.754 -0.111627 2.02812 770.408
369.122 0.0533481 -0.0846849 270.638 0.577206 1.85478 555.59 0.221041 0.716577 0.694826 0.780014 375.7 -2.32893 2.09947 674.879
308.358 -1.96488 0.596031 272.188 0.106943 2.62684 874.572 0.814769 0.812763 0.769588 0.736632 143.064 -1.58349 2.07285 723.611
338.656 -1.07348 1.4588 303.689 -1.17884 2.82333 428.469 0.761271 0.834355 0.832673 0.774178 991.486 -1.40447 2.05539 701.04
359.613 -0.432021 2.68903 273.614 -1.75254 -2.21002 616.173 0.76777 0.799032 0.677015 0.79857 656.343 0.0719401 2.28196 582.654
506.39 -1.08029 -0.541217 330.554 -0.752704 0.755025 521.393 0.727157 0.276394 0.751398 0.679507 526.436 -3.12746 2.4007 895.383
408.288 -0.320881 1.52442 319.806 -0.0764376 2.85059 472.362 0.739368 0.527143 0.632249 0.817565 495.263 -0.846651 2.37107 702.064
298.353 0.0469589 1.51338 291.399 -1.01986 -0.0219294 547.54 0.668051 0.429938 0.80816 0.766117 868.664 -2.45005 2.31975 584.725
616.06 0.749131 -2.34625 355.739 1.74833 -1.26185 705.322 0.693574 0.785599 0.716931 0.80632 550.392 0.806108 2.06796 1106.87
448.05 0.596192 -1.77723 319.573 0.15445 -0.605616 470.122 0.657982 0.407094 0.587695 0.578043 250.93 1.90839 2.51401 1077.63
335.061 0.176448 2.5221 270.883 -1.39115 -2.19693 689.894 0.759314 0.790967 0.770649 0.767067 806.202 0.10325 2.30018 565.133
429.756 0.765031 0.685696 305.41 -0.408963 -1.15459 767.833 0.758199 0.288316 0.674616 0.639738 619.627 -2.95631 1.80172 923.229
275.374 -0.250399 2.74198 255.026 1.48991 2.05716 558.7 0.670024 0.510617 0.760484 0.77402 865.452 -0.846506 2.6947 511.005
344.451 -0.907003 3.03348 263.541 -1.42544 0.971412 558.059 0.824766 0.436314 0.74472 0.758944 499.041 -1.15029 2.09942 629.498
424.705 0.763502 1.61666 288.868 1.05891 -0.47579 622.262 0.393043 0.6154 0.737746 0.702126 609.226 -2.53984 2.06405 699.057
373.635 0.0353149 -2.94234 306.046 -0.540424 1.63712 561.563 0.671171 0.632578 0.800609 0.819516 541.802 -0.799115 2.14323 709.619
470.129 -0.555159 1.46453 265.812 -1.00621 -2.93533 607.226 0.753953 0.742911 0.808009 0.840305 455.524 -0.728454 2.19298 758.239
364.231 -0.291716 2.34877 257.82 1.11419 -2.15688 676.746 0.669136 0.820409 0.78745 0.795901 280.405 0.0996021 2.24917 711.611
325.17 1.0808 0.97876 294.976 0.742207 2.49994 457.411 0.556574 0.436676 0.814191 0.776602 461.266 -1.56105 2.22219 588.42
502.53 0.552996 1.78481 357.294 1.22883 -2.79433 726.842 0.690959 0.670963 0.755576 0.570418 167.635 -0.472693 2.2575 1117.06
362.375 1.71535 2.23195 319.996 0.578908 2.40676 436.772 0.597509 0.789035 0.830377 0.755223 189.145 -0.766545 2.9985 741.361
437.987 -1.53076 0.310418 286.397 -1.66912 1.35067 387.339 0.733472 0.699929 0.758261 0.81093 595.977 -1.99814 2.30856 760.25
318.807 -0.805747 2.35111 256.856 0.760223 0.966813 622.746 0.719261 0.705131 0.687077 0.690118 563.883 -1.69069 2.24139 598.155
343.255 0.0997252 2.66803 315.743 -0.484749 -1.76349 579.198 0.53341 0.811231 0.785567 0.812018 553.742 0.501678 2.16635 620.643
461.75 -0.544957 0.441497 330.987 0.637138 1.83034 721.621 0.610449 0.488244 0.428335 0.690318 242.468 -2.17676 2.27608 943.395
288.439 0.10076 -1.68077 260.354 -1.17405 2.82853 585.852 0.502698 0.606881 0.670442 0.889424 343.024 0.58092 2.24761 683.05
408.529 0.195427 2.5298 391.338 0.68784 -2.54022 514.103 0.716305 0.341354 0.714064 0.622614 686.318 0.14719 2.38261 806.041
406.453 0.447608 -0.548635 358.452 0.0849855 0.597995 450.133 0.620685 0.677686 0.761452 0.753848 748.611 3.12855 2.53056 816.517
322.164 0.069023 -2.2455 313.575 1.42915 -0.502886 680.914 0.528255 0.761128 0.630898 0.794293 278.947 1.89055 2.14714 778.839
325.151 0.266575 -3.10983 253.501 0.602495 -1.04902 513.07 0.827478 0.666659 0.757076 0.791735 536.497 0.976841 2.02586 600.724
279.119 1.29656 1.96611 250.359 0.722985 2.91958 301.299 0.677164 0.765786 0.632442 0.797272 724.272 -0.829942 2.53367 506.761
405.544 -0.211784 -3.05887 271.657 -2.1985 1.37645 964.946 0.43291 0.489835 0.830644 0.653767 630.351 -0.725896 2.10234 655.808
278.558 0.0867192 -0.895296 265.444 1.44354 -0.518853 433.887 0.433497 0.842058 0.800623 0.815458 286.433 1.99893 2.51778 713.631
306.625 0.359175 -1.4688 252.915 -1.12134 -2.9387 599.166 0.435602 0.816566 0.686867 0.796257 564.716 1.06508 2.27941 552.032
429.527 -0.32501 3.13853 281.35 0.325349 2.07192 446.685 0.208474 0.556375 0.469348 0.736663 620.281 -0.477566 2.54949 819.293
476.454 0.0317365 1.58787 257.439 0.198205 -1.59728 745.012 0.221372 0.379518 0.639786 0.611525 136.254 -0.714028 0.883251 719.457
328.541 0.320857 0.525053 271.359 -0.829905 1.69439 521.252 0.76322 0.320744 0.727028 0.701562 332.081 -2.39733 2.19147 666.162
332.646 -0.0552534 -2.5589 259.578 1.39766 2.15043 640.777 0.73414 0.747648 0.785577 0.757635 671.013 -0.278135 2.28077 545.745
324.339 0.502559 0.716276 263.634 0.782067 2.21879 422.63 0.756138 0.672991 0.814916 0.719748 741.213 -1.47587 2.19215 558.273
382.354 -1.47487 -0.473012 332.676 -0.915627 -1.66534 463.654 0.71145 0.236929 0.702946 0.727403 294.642 1.75242 2.22543 743.107
341.553 0.324962 -1.38377 274.101 -1.09454 0.384856 676.495 0.492353 0.868994 0.662316 0.786809 295.434 2.42486 2.04 742.471
282.416 0.749528 -2.98995 269.444 0.933541 1.82233 403.194 0.293997 0.738504 0.593685 0.788561 953.307 -0.79905 2.1909 725.197
450.794 0.672646 0.865836 294.893 0.0047158 -0.252739 481.894 0.70236 0.674898 0.82073 0.643977 742.065 -2.93358 2.48377 911.507
298.69 -0.650375 -3.02928 294.278 -0.711564 -1.05146 504.636 0.722082 0.495829 0.769569 0.83587 295.722 1.11317 2.14074 768.501
336.99 0.0638172 -1.93643 258.788 -0.289297 0.154454 538.58 0.766992 0.779281 0.841344 0.765862 426.994 2.15779 2.00333 621.242
310.844 1.20402 2.68191 304.186 0.732646 0.415185 604.769 0.484467 0.70764 0.777556 0.69838 254.361 -1.66937 1.9319 750.499
293.966 0.763131 2.90865 282.426 0.720836 -0.016048 599.112 0.09897 0.630916 0.615109 0.562401 33.2163 -2.35143 1.0231 769.67
548.049 0.18103 -1.25158 369.835 1.21406 -0.891129 522.624 0.677539 0.602746 0.559642 0.610974 1140.18 1.86601 2.75713 1053.26
419.127 -1.03645 1.33314 275.693 -0.466218 2.99898 549.706 0.795619 0.732672 0.728948 0.786434 765.51 -0.872703 2.20584 698.65
356.76 0.29961 -0.816537 355.965 0.526407 2.18294 764.707 0.634675 0.333442 0.719063 0.53808 86.8025 1.32787 0.855062 936.353
446.225 0.537514 -1.59648 374.072 -0.463538 0.0138593 750.212 0.824531 0.803489 0.737022 0.781218 773.551 2.65104 2.03566 785.221
290.906 1.37563 2.0856 256.518 0.925269 -1.98065 543.49 0.704444 0.238692 0.759773 0.777487 489.875 -0.0368568 1.9438 519.97
529.114 -1.18492 -2.33434 294.888 -0.647839 -0.636202 642.837 0.714134 0.696297 0.825624 0.758288 812.263 1.53661 2.17281 797.708
297.078 -0.355483 -3.11942 264.153 -1.42086 -2.13265 425.199 0.648126 0.841045 0.598574 0.743326 723.145 0.421219 2.55387 587.118
452.832 -0.386091 -2.12595 444.769 0.17155 2.82332 656.505 0.717279 0.452387 0.627996 0.545248 961.921 0.281209 2.40716 871.677
432.996 -0.507224 -2.93231 261.596 -1.79898 2.0443 645.024 0.576647 0.694846 0.56708 0.839215 889.875 -0.0718577 2.11616 660.045
335.486 -0.957912 2.39412 306.935 -0.544269 0.595629 528.292 0.44345 0.72146 0.741909 0.594051 57.101 -1.40622 2.00185 945.094
294.726 1.28527 1.49101 263.589 -1.52465 0.850558 1091.64 0.706497 0.802662 0.778973 0.697893 497.808 -1.32476 2.17532 702.381
414.052 0.140587 0.560021 266.699 -0.373377 -1.07556 530.182 0.569899 0.643273 0.716361 0.710974 726.376 2.85511 2.29509 646.833
287.175 -0.646501 0.283528 250.986 -1.63877 1.11844 369.69 0.464652 0.437023 0.804664 0.825862 835.779 -2.19922 2.48275 549.224
374.942 -0.945134 -0.519814 345.443 0.519975 0.472938 683.952 0.762567 0.714818 0.849102 0.781291 190.232 2.88433 2.41139 898.935
331.578 0.73902 1.69667 294.583 1.21895 -3.01449 484.019 0.68787 0.680681 0.630279 0.742617 478.3 -0.47166 2.16833 750.78
342.926 1.0844 -2.3346 270.873 0.323504 1.9884 576.636 0.566962 0.627656 0.673465 0.748543 353.51 -0.127709 2.11611 713.673
429.135 -0.48449 2.46307 295.981 0.195873 1.35971 561.253 0.119378 0.410955 0.642456 0.634441 831.236 -1.28571 2.5344 843.854
380.277 0.59973 2.00007 306.759 1.46716 0.848339 497.979 0.586795 0.533366 0.623873 0.687973 828.552 -1.53471 2.38305 753.245
350.933 -1.44867 3.07613 290.742 -1.31905 -1.36917 520.135 0.653032 0.743864 0.846719 0.812381 565.557 0.67976 2.04893 681.844
350.721 0.793566 0.938492 282.084 -0.0559317 -0.831111 577.47 0.657661 0.697306 0.64347 0.810464 124.434 -3.0067 2.17559 811.443
322.508 -0.558892 -1.38109 293.791 1.73811 -2.54233 944.096 0.723754 0.802486 0.837172 0.754785 692.533 0.743516 2.1246 802.622
521.121 -0.740154 1.43637 357.019 1.26832 2.78005 1159.77 0.717848 0.791002 0.778195 0.763206 462.503 -0.872944 2.30931 1008.03
412.995 -1.33199 -0.497298 294.396 0.2432 0.798617 760.155 0.659296 0.658252 0.85378 0.641204 177.48 2.80596 2.00734 882.484
768.23 -0.736347 3.07345 285.91 1.1343 1.29998 1258.3 0.740299 0.519302 0.839867 0.594505 520.277 -0.962054 2.24768 1215.68
514.52 -1.52253 0.676647 288.325 -0.563581 1.358 476.511 0.791287 0.558752 0.744217 0.608446 860.068 -2.21289 2.71229 995.227
376.807 -1.69632 -1.62333 254.208 1.05674 -2.88994 1213 0.823746 0.705992 0.667953 0.820811 411.583 0.812605 2.43593 632.337
472.04 0.273987 -2.49118 268.464 -0.248659 2.57671 463.941 0.798399 0.323731 0.755081 0.68998 996.034 0.000836152 2.49201 842.272
463.192 0.224403 -1.01507 376.647 1.32732 -0.27739 587.795 0.544478 0.332054 0.756283 0.38636 167.659 2.84914 2.41897 1195.32
286.925 -0.589765 1.83532 256.043 1.64996 -2.57725 869.914 0.705905 0.564139 0.813673 0.797514 448.661 -0.513645 2.0636 504.716
469.28 -1.2285 2.14947 276.639 -1.13909 -2.82488 457.462 0.469583 0.342779 0.365033 0.775821 810.567 0.0232047 2.12627 859.435
321.901 0.302356 -1.27457 250.994 0.0541083 -2.99748 466.195 0.663145 0.448706 0.803565 0.783611 530.343 1.12743 2.15827 604.305
393.162 1.55749 1.86529 286.109 -0.578092 -0.237287 1044.64 0.802469 0.554104 0.605643 0.765682 518.276 -2.29445 2.05716 684.511
366.05 -0.0756712 0.88825 253.656 0.69945 -0.455401 460.329 0.459818 0.193622 0.648095 0.732275 777.456 -2.87611 2.42071 607.76
381.258 0.338076 -2.46079 350.128 0.746897 1.91517 635.38 0.535634 0.222421 0.878784 0.663388 718.23 -0.213512 2.12868 749.215
311.817 -0.436031 -2.46757 264.861 -0.66278 1.61307 543.944 0.718284 0.656357 0.712384 0.810901 577.512 -0.340692 1.95376 563.865
641.304 0.0662037 2.69652 326.355 0.0980207 -2.06074 703.503 0.665027 0.118273 0.715802 0.747186 1429.15 0.0492471 2.10999 975.056
490.19 0.573814 -1.51986 280.846 -1.74623 0.574768 1249.95 0.802789 0.545079 0.78809 0.771993 194.11 2.70193 2.0614 1012.7
331.667 -1.47692 0.200621 328.762 -0.865154 1.45577 456.071 0.66574 0.63792 0.696681 0.598184 978.285 -2.7147 2.11272 893.626
343.646 -0.677063 2.73992 322.635 0.351195 -1.60127 670.832 0.72942 0.70148 0.650672 0.575101 407.633 0.713759 2.02616 763.594
421.855 -0.459788 1.25481 285.048 0.500949 2.40355 523.962 0.369461 0.670755 0.887814 0.749826 947.733 -1.6933 2.18634 852.088
777.446 0.145405 -0.519982 298.848 -0.111194 2.02041 994.452 0.0801731 0.777142 0.768442 0.812014 554.289 3.03008 1.00967 1047.8
418.315 -0.983746 0.413527 250.996 -0.949956 -1.25545 500.385 0.656962 0.533349 0.788078 0.669735 440.536 2.85957 2.16816 798.693
442.496 -1.63207 0.682285 282.748 0.246434 0.976067 783.953 0.776348 0.697142 0.836121 0.734425 803.943 -2.47336 2.83375 768.783
450.51 -0.813211 1.50029 350.26 -0.673264 -2.99432 649.159 0.721161 0.534327 0.705696 0.741668 728.582 -0.943455 2.05087 890.537
330.213 0.255579 -0.953155 298.087 -0.643585 -0.458598 345.39 0.511278 0.542323 0.820248 0.779909 569.849 3.13969 2.19034 721.39
446.146 0.501951 -0.772866 271.335 1.20993 0.686437 536.296 0.714771 0.755168 0.660109 0.774078 705.46 -2.82257 2.04971 699.565
284.46 -0.675844 -2.5581 267.187 -0.392905 -0.597771 490.755 0.672553 0.129417 0.75565 0.775054 401.991 1.64835 2.07674 657.64
371.248 -0.89584 1.67668 306.16 0.748831 -2.65223 848.123 0.695375 0.776636 0.744116 0.623824 70.7501 -0.543471 2.10876 1005.48
288.587 1.88585 -2.00072 253.293 0.941884 2.63803 493.947 0.777459 0.74345 0.86951 0.905136 634.789 0.259884 2.26061 503.709
386.704 -0.049316 -0.509653 324.125 1.10214 -1.94191 657.48 0.81509 0.797451 0.800616 0.821114 865.924 1.88983 2.39948 758.503
348.544 -1.60699 1.23957 314.247 -0.617472 -0.320281 595.005 0.454365 0.731066 0.727508 0.654233 311.226 -2.75012 2.29349 783.218
363.654 -0.201486 1.9922 299.22 -0.538079 0.0526831 571.358 0.623101 0.667428 0.741807 0.747192 637.803 -2.11294 2.16563 670.721
303.855 -0.567024 0.330835 288.014 -0.558666 1.87968 424.431 0.747489 0.838133 0.753173 0.875758 602.615 -2.08759 2.31591 621.721
303.193 -0.887146 0.103866 254.442 -0.593703 -1.26878 405.371 0.696178 0.109351 0.71446 0.618738 645.635 2.75164 2.26276 539.458
354.685 -1.37565 -2.19543 306.169 1.87233 -0.717218 1670.33 0.657288 0.739975 0.893425 0.765711 529.928 1.68101 2.39823 639.226
275.431 0.278433 -0.977754 251.879 -1.83193 -1.00975 681.719 0.506287 0.762191 0.702502 0.810578 269.252 1.7434 2.72116 528.261
362.315 -1.09985 -2.39179 273.537 -0.670718 -1.02524 459.147 0.442457 0.480321 0.834617 0.739847 610.328 1.05623 2.08147 654.325
282.609 1.69498 -0.296697 268.014 0.629442 0.970049 469.395 0.750233 0.766106 0.842789 0.783188 188.657 -2.92799 2.38515 737.531
300.119 0.315608 0.343316 288.09 -0.68516 1.82143 522.326 0.824419 0.628355 0.807284 0.761803 600.493 -2.12365 2.33811 537.5
310.104 0.780531 -1.98386 254.45 -1.59949 -2.87813 876.712 0.626658 0.83751 0.739295 0.832442 429.69 0.830902 2.57416 619.825
309.577 -0.660879 2.96044 290.024 0.227964 -1.66876 537.076 0.727434 0.63636 0.880408 0.861269 582.875 0.46839 2.13715 560.795
316.889 -0.262564 3.05906 296.08 -1.21435 -2.10614 456.735 0.772139 0.666661 0.87249 0.736349 219.597 0.422734 2.52887 817.047
337.196 -0.301853 2.20898 306.152 0.43848 0.411166 592.484 0.302348 0.479741 0.848852 0.823917 529.283 -1.69795 2.10912 634.841
568.125 0.481565 0.728257 278.842 0.982389 -0.59233 536.295 0.652857 0.675245 0.527755 0.745883 338.367 -2.84261 2.25028 1081.23
367.62 -1.20904 2.1448 309.573 0.234342 0.806481 686.561 0.531318 0.301469 0.649474 0.696935 791.159 -1.94343 2.19495 703.547
590.241 -0.922035 -2.05832 406.965 -1.08504 -0.887789 561.75 0.72752 0.783877 0.678135 0.713862 680.982 1.60842 2.49621 1199.25
385.81 -0.132827 1.89604 276.888 -1.79164 0.0468417 813.27 0.4474 0.718405 0.665341 0.870432 510.579 -2.15427 2.20112 698.549
757.689 0.179468 1.36993 272.423 -0.332976 0.401351 561.163 0.181777 0.556953 0.754707 0.621742 1602.72 -2.05494 2.45629 1043.62
414.689 -0.583992 2.80239 400.798 0.271458 -2.71224 519.313 0.555758 0.17217 0.773964 0.684781 1358.67 -0.0400894 2.67215 782.087
327.856 -0.806523 -1.16272 262.706 0.226309 1.30124 686.469 0.681966 0.201533 0.816796 0.724332 394.635 3.02643 1.72519 551.005
299.873 0.571295 -0.870274 293.169 -0.178379 0.452633 447.794 0.551347 0.459731 0.79417 0.843641 540.451 2.62899 2.17636 775.486
421.331 -0.227736 0.591787 377.603 0.000164101 -1.29512 684.232 0.293886 0.763755 0.774043 0.751137 730.169 2.83377 2.1543 755.621
503.479 0.45441 -0.29955 320.449 1.23472 -1.78793 644.503 0.645959 0.766662 0.698557 0.791376 989.747 2.30052 2.19473 799.625
288.119 -0.0860707 -2.29661 258.789 -1.50298 -2.86513 473.698 0.68545 0.845362 0.80997 0.817816 147.736 -0.292422 2.00418 702.751
355.513 -0.661937 0.54642 288.524 0.860982 2.56518 768.852 0.747425 0.726755 0.764145 0.688205 395.112 -1.61653 2.10147 666.164
453.837 0.285621 -2.25466 275.435 -0.721345 -0.65857 646.143 0.789729 0.840679 0.847964 0.863502 302.923 1.52949 2.18806 893.602
296.581 0.397127 1.8228 284.377 0.516589 -2.97349 405.882 0.633244 0.743969 0.671144 0.751055 76.024 -0.681704 2.29178 852.604
460.093 0.315362 1.54141 310.363 -1.59403 -0.478875 1061.53 0.744064 0.78749 0.768192 0.77107 437.78 -2.52126 2.04238 829.173
321.883 0.635971 1.15131 285.133 0.0985818 2.42131 426.437 0.547331 0.757346 0.678862 0.649747 798.883 -1.50587 2.35601 604.951
374.103 -0.34517 1.0618 252.904 -0.201928 -1.07051 564.378 0.658171 0.60871 0.713107 0.556259 721.892 3.13836 2.07431 588.628
521.648 -0.406442 -0.584246 252.075 -0.697959 0.582261 431.625 0.757102 0.585852 0.81308 0.74375 627.218 -3.11962 2.53537 772.215
394.377 1.43134 -2.0889 256.876 -0.139554 -0.427052 741.129 0.506996 0.740197 0.773484 0.793845 260.16 1.6598 2.08685 794.796
452.464 -1.56651 2.04807 311.45 -0.671796 0.237461 700.492 0.848066 0.64674 0.737269 0.769686 497.469 -2.15327 2.08184 773.627
426.69 -0.478813 1.99315 324.269 -0.277123 -2.16805 667.016 0.591628 0.450689 0.457891 0.630698 615.261 -0.149528 2.01852 767.814
367.701 -0.575049 1.71073 272.485 0.762948 2.29849 515.128 0.749798 0.731325 0.812239 0.744358 682.475 -0.712578 2.42331 819.046
382.064 -0.709128 2.64774 320.231 -1.51639 0.160911 769.57 0.439501 0.325599 0.802457 0.805392 328.673 -1.6299 1.79082 661.075
448.797 -0.392792 -3.0692 386.585 -0.388453 -0.997662 732.246 0.860878 0.774968 0.797191 0.75044 508.258 1.00786 2.00552 842.042
276.521 -1.21662 1.71351 259.869 -0.0622697 0.202497 501.438 0.732642 0.526604 0.706667 0.768544 604.646 -2.23792 2.33176 566.503
361.955 -0.0685687 2.56823 319.962 0.46305 1.30411 460.85 0.635645 0.850841 0.824963 0.79891 533.737 -1.6789 2.03605 859.733
390.232 -0.684622 -0.941017 312.954 0.0222623 0.846798 634.961 0.566331 0.5176 0.781045 0.567733 803.988 -3.13059 2.18957 711.204
419.205 0.280479 1.85798 280.794 -1.19983 1.62845 568.85 0.737431 0.783432 0.787472 0.781291 995.465 -1.03116 2.65961 753.134
266.789 -1.13344 -0.154435 264.576 0.275664 -2.09855 602.282 0.700808 0.736697 0.810238 0.656936 524.071 1.85465 2.00908 514.531
307.434 0.934915 -1.60155 271.075 0.494553 3.1297 454.306 0.196789 0.322682 0.802057 0.808338 875.882 0.915287 2.21441 630.273
280.754 -0.541699 -2.71245 250.542 -1.36107 1.74083 486.288 0.610354 0.495262 0.695832 0.751212 393.212 -0.471525 2.21236 574.857
288.026 0.571491 0.333992 278.388 -1.76769 -1.27932 924.708 0.687582 0.882262 0.694914 0.868203 590.846 2.65886 2.32487 567.168
374.139 0.126821 1.34356 373.524 -0.444984 -0.419426 623.988 0.673587 0.627554 0.705741 0.847345 610.476 -2.90806 2.03156 814.623
307.349 -0.726687 -2.85693 295.875 -0.645704 -1.61629 398.999 0.22831 0.110518 0.483789 0.759099 559.06 0.739268 2.35556 677.421
516.026 0.940435 1.07507 405.767 0.328565 -0.808917 849.405 0.093398 0.510329 0.886685 0.761358 691.502 -2.91032 2.1014 913.783
464.405 0.214717 0.767392 340.931 0.228522 -0.873116 599.262 0.797087 0.674596 0.787115 0.728223 858.687 -3.02468 2.15156 852.53
419.305 0.889671 -0.4603 410.684 0.665861 0.962034 565.155 0.689204 0.618371 0.647684 0.72608 517.871 -2.98725 2.3339 971.808
349.021 -1.18975 -2.37767 286.28 -1.0163 2.13199 505.332 0.775114 0.549366 0.719901 0.79947 650.539 -0.126247 2.25142 737.248
477.899 0.800452 -0.702242 288.595 -0.554458 -1.17423 581.397 0.748 0.773629 0.79213 0.719573 517.537 2.24049 2.86846 924.246
489.953 -0.95183 -0.474991 355.791 -1.40829 1.78305 789.21 0.770381 0.714491 0.770057 0.844309 537.055 -2.50643 1.9937 817.258
437.479 0.430808 1.90848 321.383 0.432857 0.590888 476.01 0.814809 0.732743 0.773269 0.770241 824.92 -1.80211 2.39299 727.136
347.369 0.832794 -0.495118 289.378 0.530119 0.957602 436.598 0.645022 0.409152 0.719899 0.718235 735.313 -2.73602 2.2409 737.662
388.189 -0.590265 -1.84996 259.998 -0.428632 0.137533 582.673 0.760761 0.318548 0.840926 0.845285 649.412 2.35799 2.07523 663.384
358.156 0.53014 1.09315 303.203 -1.87544 0.613419 1017.5 0.789166 0.681632 0.76005 0.780239 563.202 -3.00798 2.18206 893.329
414.199 -0.589613 2.31431 254.551 -0.946549 0.66556 516.139 0.48226 0.763045 0.571761 0.784765 494.004 -1.48239 2.14795 687.353
396.572 0.813739 0.264531 279.022 -1.81016 2.15675 1274.8 0.804395 0.7278 0.733584 0.832325 479.459 -2.01762 2.10882 712.662
307.103 0.119442 2.70965 287.216 1.29677 -2.26666 533.933 0.630713 0.686064 0.817317 0.832709 593.383 0.379477 2.33017 675.378
384.507 0.122876 3.1403 378.382 -0.584196 -1.65299 603.388 0.773574 0.458311 0.767994 0.844822 727.991 0.66319 2.31618 765.233
286.114 0.378267 2.92906 254.771 -1.21527 -1.28562 683.211 0.605853 0.542297 0.73033 0.573315 528.608 0.833422 2.09564 507.514
363.684 -0.371585 1.33702 262.134 1.46311 0.487618 706.947 0.74677 0.728616 0.767613 0.795811 675.107 -2.0964 2.58402 625.847
326.134 -0.658043 -0.75128 254.563 -0.206647 0.831299 454.472 0.609678 0.784178 0.728223 0.611328 280.615 -2.77527 2.02399 793.931
447.708 0.572657 0.225055 398.813 -0.824808 2.02799 931.933 0.647438 0.802241 0.860698 0.731108 241.404 -1.80921 2.03426 969.527
399.559 0.072995 -1.37805 279.331 0.145084 -2.60281 430.764 0.442603 0.632712 0.773603 0.804307 435.09 1.38706 2.29332 837.371
332.352 -0.530382 -0.837167 255.325 -0.200054 0.175796 334.974 0.780996 0.728171 0.878683 0.828812 1529.88 2.9266 2.51942 752.754
348.605 -1.13645 2.61449 297.138 -1.41672 -2.36388 425.704 0.356094 0.797989 0.784592 0.721667 585.774 0.189746 2.42475 682.768
470.565 0.273111 -1.70118 412.464 0.380853 2.88725 670.49 0.756405 0.778941 0.741812 0.78112 559.094 0.529393 2.23058 999.268
492.083 -0.00847258 1.71856 259.685 1.20785 1.09168 525.721 0.748303 0.578748 0.686508 0.433887 890.08 -1.73521 2.82689 910.449
312.55 0.0605586 -1.62694 276.279 1.45385 -2.45142 522.784 0.192528 0.642829 0.645199 0.581585 444.177 0.753897 2.38083 718.146
302.274 -0.467265 -1.83093 279.312 0.00598023 0.355338 568.538 0.455622 0.565662 0.563318 0.786377 355.988 2.59262 1.85964 600.356
417.289 0.115897 1.12342 378.277 -0.433458 -0.656639 715.691 0.110952 0.797486 0.597992 0.767192 566.952 -2.77667 2.12003 791.203
307.907 0.102622 -2.06287 286.674 -2.04044 -1.12599 827.574 0.72898 0.671145 0.824853 0.769331 645.073 1.58863 2.63168 609.936
325.264 -1.23329 -1.31593 320.565 -0.711413 -2.77522 474.078 0.699984 0.744543 0.812256 0.734728 271.927 0.786143 2.10208 883.261
408.748 -0.062431 -0.132428 253.417 -0.861957 1.02329 453.333 0.539235 0.358477 0.81707 0.733875 232.912 -2.7677 2.4922 756.472
282.66 1.89756 2.09053 281.585 -0.196901 -2.4634 854.129 0.451731 0.699845 0.787301 0.858273 645.71 -0.26811 2.19529 518.201
367.319 -0.938643 0.556987 251.334 -0.566415 -1.12376 478.111 0.74258 0.55247 0.66198 0.779707 393.921 2.87972 2.27971 845.062
304.689 0.382941 -1.86426 282.302 -0.646553 2.63307 570.101 0.539678 0.832893 0.765928 0.773881 454.786 0.627489 2.00558 618.167
408.38 0.095244 -0.604761 383.724 -0.349946 -1.74416 481.909 0.613629 0.843333 0.688376 0.756648 986.526 2.33248 2.20655 1027.43
462.117 -0.96341 0.853975 407.925 -0.0932009 2.51786 762.622 0.759163 0.794877 0.745229 0.731284 662.894 -1.57818 2.18714 905.663
381.559 -0.720788 2.53506 282.47 -0.454461 0.762336 572.419 0.152718 0.253196 0.779836 0.743212 895.588 -1.49632 2.25181 655.709
622.541 -0.210164 0.899024 277.117 0.939831 1.67988 627.136 0.644599 0.207412 0.559235 0.671172 193.416 -2.20854 2.39476 992.77
487.938 0.365616 -2.48894 295.375 -0.376402 2.57274 538.224 0.694504 0.715813 0.739455 0.684985 453.159 0.281303 2.29144 947.831
449.737 -0.153012 -2.95791 308.156 0.223216 -1.32623 596.049 0.291595 0.66866 0.68049 0.704962 1020.93 1.07162 2.25366 722.502
290.22 -0.97882 -0.489887 270.268 -0.488344 -2.39985 512.276 0.490759 0.187397 0.754777 0.738774 383.717 1.61193 2.10182 595.953
317.963 0.922909 1.14113 286.188 -0.132837 2.5485 529.609 0.840023 0.504577 0.736749 0.797006 913.608 -1.07159 2.21271 568.074
409.798 -0.515695 2.07755 264.005 0.256434 0.486398 561.395 0.536664 0.20923 0.782954 0.837707 486.93 -2.08795 2.11768 723.304
269.095 0.441068 -0.768029 265.704 1.73772 0.793377 542.385 0.445798 0.755886 0.838241 0.814717 544.824 -3.09259 2.32456 569.822
447.266 -0.931073 0.882713 292.791 1.45025 2.42476 1201.46 0.738565 0.50891 0.872624 0.858902 407.635 -1.7189 2.13953 807.002
341.574 0.487061 3.06131 314.729 0.539328 1.17427 541.347 0.63781 0.767223 0.828289 0.680253 667.772 -0.87425 2.04852 634.797
638.911 -0.212344 2.78648 392.644 -0.51014 1.5812 605.187 0.317291 0.697996 0.794823 0.828895 135.189 -1.28028 2.21642 1396.76
337.957 1.40093 2.61307 288.966 0.455868 0.849051 581.559 0.773377 0.6457 0.830004 0.714236 648.792 -1.65551 2.01461 600.931
342.152 -0.737084 3.10651 254.735 -0.819736 1.34958 487.175 0.720921 0.306953 0.788141 0.773674 599.756 -0.980671 2.19601 598.527
490.053 0.493804 -1.7714 485.13 -1.15275 2.74637 1187.82 0.520867 0.730308 0.806157 0.836923 366.412 0.356892 2.1283 1108.69
291.616 0.528746 1.2731 256.665 -0.280214 -0.0586971 425.735 0.65823 0.592158 0.717699 0.815538 479.584 -2.71404 2.29605 553.38
395.788 0.433267 0.842043 267.281 0.248381 2.67512 547.762 0.280872 0.447411 0.791761 0.762876 191.926 -1.30884 2.15088 728.259
352.044 -0.642199 -3.06001 297.734 -1.34745 1.39309 587.557 0.708855 0.238615 0.784564 0.779105 172.625 -0.77563 2.16872 896.125
306.355 -0.927798 0.544949 269.486 0.00569123 1.99407 499.564 0.562126 0.590936 0.861466 0.723566 275.98 -2.25606 2.03305 586.201
497.066 -1.00056 -2.10418 275.988 -0.684352 -0.618438 531.545 0.665816 0.526403 0.79514 0.800497 756.117 1.36734 1.98578 872.485
451.407 -0.512505 -2.56139 344.164 -1.19003 1.75449 726.208 0.741132 0.646011 0.83046 0.698397 125.392 -0.549277 2.01212 1008.84
455.294 1.70974 1.19053 385.992 1.40019 3.09554 714.938 0.80821 0.706255 0.765953 0.843807 399.022 -0.959744 2.15027 872.759
373.755 -0.515847 -2.61558 299.214 1.32906 -2.59474 720.508 0.827295 0.778256 0.780919 0.780714 696.097 0.593751 3.07385 709.271
308.035 -1.28424 0.795999 301.223 1.41447 -0.450368 1157.59 0.531824 0.694975 0.819487 0.819713 279.273 -3.02092 2.46627 740.051
421.108 -1.57529 -2.99806 369.264 0.7489 2.37475 1192.68 0.736249 0.671744 0.818279 0.700262 793.331 -0.394004 2.60406 776.395
384.249 1.2441 1.80685 258.39 -0.171289 3.09549 626.752 0.766138 0.716092 0.755666 0.726935 851.312 -0.797659 2.39003 615.629
516.291 0.983273 1.84348 351.906 0.0775145 2.50049 504.214 0.715609 0.775936 0.812537 0.761694 854.35 -1.07097 2.71173 1039.69
320 -0.197888 -0.627762 276.002 0.0110379 0.691109 384.766 0.355937 0.697809 0.64567 0.641291 653.813 2.77972 2.08861 832.727
313.678 -0.421582 -2.46148 267.269 -2.24261 -0.986455 749.777 0.569221 0.29246 0.630312 0.736565 694.663 1.19484 2.18129 548.582
493.811 -0.468485 2.55095 298.068 0.646054 0.503318 815.323 0.61102 0.592179 0.867431 0.723694 248.486 -1.56266 2.06597 802.334
502.424 1.06801 2.52906 280.622 -0.351884 0.603317 862.81 0.753237 0.668664 0.67959 0.690416 435.732 -1.62931 2.12481 851.392
355.099 -0.991723 2.78978 290.884 -1.35636 -1.33965 600.179 0.472629 0.633627 0.705639 0.865313 251.253 0.754264 2.03552 741.439
452.932 -0.589498 -1.866 283.194 -0.525263 0.102457 635.458 0.641157 0.512005 0.432074 0.789065 311.932 2.0984 1.99594 725.102
275.504 -1.27267 -2.5685 261.398 -0.515374 -1.22472 403.214 0.494622 0.492177 0.762269 0.597579 659.502 1.2811 2.43358 581.979
321.698 0.380362 -2.53825 301.359 1.02932 -0.803719 527.439 0.612174 0.58565 0.679674 0.635398 439.123 1.64413 2.10081 713.31
371.361 1.29352 -0.303748 341.275 1.97458 -1.84142 567.804 0.745325 0.77352 0.868108 0.800424 694.156 2.1874 2.25436 716.718
521.579 0.213227 -0.427592 278.979 -0.314365 -2.41812 694.222 0.766244 0.421541 0.777358 0.715402 657.509 1.90815 1.95691 801.698
296.505 0.444102 2.04095 273.767 -0.658414 -2.66929 550.763 0.716249 0.364076 0.681989 0.359216 719.208 -0.103785 2.14474 552.266
453.145 0.636813 1.1505 371.157 -0.527112 -0.711715 838.7 0.794496 0.690373 0.883456 0.740667 568.223 -2.9383 2.19439 859.529
304.092 0.01687 -2.63292 252.319 0.976067 -1.30597 466.608 0.645164 0.142895 0.699732 0.812116 900.602 0.912711 2.21868 534.656
477.02 -0.844757 0.887007 461.32 -0.832226 1.97118 511.677 0.56845 0.289246 0.818979 0.667396 865.63 -1.62864 2.51564 1262.54
628.22 0.439257 0.142893 275.928 0.609019 -2.9717 875.179 0.249447 0.760184 0.579437 0.760878 289.697 -3.02722 0.055522 890.099
389.161 0.342373 2.31985 258.289 -0.0732227 -2.57812 438.603 0.452976 0.742631 0.775829 0.66318 637.084 -0.223234 2.35489 660.997
633.811 -0.942487 -1.1573 369.01 -0.664444 -2.53417 642.808 0.659893 0.772099 0.750406 0.77108 735.094 1.51199 2.23702 1014.92
283.443 0.870417 -0.784436 279.836 1.30619 2.06876 604.958 0.222555 0.764623 0.676218 0.622652 89.1461 0.0515329 0.835969 804.207
533.39 0.602783 -0.812144 288.468 -0.128922 -2.32824 630.107 0.827837 0.683399 0.777096 0.793831 521.233 1.74829 2.20666 963.82
563.17 -0.244738 1.23112 274.33 0.770933 2.39479 610.087 0.671208 0.353958 0.667743 0.676555 121.155 -1.68369 2.2047 970.815
289.623 -2.53038 -0.167812 280.183 -0.612109 0.292746 686.82 0.617443 0.688116 0.724373 0.776071 141.974 -2.39362 2.2258 748.252
470.3 -0.558957 0.033615 376.084 -2.25132 0.0556164 821.695 0.686873 0.743579 0.747721 0.82293 599.119 2.71689 2.66127 1079.51
469.982 -0.197878 -1.33004 367.543 -0.108287 0.289145 615.418 0.763787 0.169774 0.781589 0.835397 738.973 2.70741 2.24573 859.409
643.124 1.14216 0.360596 283.768 0.57142 -2.63697 919.517 0.739605 0.390785 0.815949 0.566441 436.653 2.73714 0.909075 1119.08
319.742 -1.69381 3.02105 280.306 -0.542371 2.22717 446.299 0.367455 0.68408 0.726552 0.750013 634.596 -0.408295 2.63546 557.851
401.044 1.39609 2.01024 320.189 0.635214 0.701794 568.891 0.683398 0.428933 0.821687 0.705713 691.862 -1.89233 2.38062 701.957
329.706 1.38131 -0.0760773 328.153 -0.96586 -1.05904 1023.66 0.578875 0.619869 0.805516 0.816444 444.937 2.72553 2.49861 799.99
328.468 0.445219 1.13366 315.359 1.07237 -0.344318 493.35 0.327512 0.749707 0.644307 0.734309 240.129 -2.83139 2.31814 848.277
334.841 0.322275 2.53503 327.879 0.63153 1.03245 481.082 0.394022 0.789667 0.753823 0.808493 250.445 -1.43222 2.31593 946.572
590.066 1.27079 -2.57355 311.979 0.0326802 -0.834684 877.665 0.613915 0.656227 0.787056 0.647723 461.982 1.63244 2.0772 1153.52
540.286 0.84433 -2.87866 300.044 1.14292 1.69573 630.258 0.743097 0.693554 0.76429 0.69638 611.447 -0.426794 2.12252 987.297
326.61 -0.2991 -0.706585 251.231 0.042515 -2.47587 490.239 0.77857 0.328383 0.796521 0.773149 849.332 1.32873 2.03532 552.644
341.119 -0.540332 1.48419 327.587 -0.492321 -0.068898 495.863 0.60993 0.355095 0.72325 0.680541 849.978 -2.37262 2.30372 650.027
443.463 -0.193965 -2.36467 366.258 -1.33208 -1.06156 699.688 0.405985 0.403378 0.75067 0.756786 740.374 1.344 2.40556 828.034
345.802 0.198292 -2.54049 326.876 -0.144446 2.07419 537.491 0.296914 0.748892 0.790411 0.594011 468.941 -0.0137632 2.08795 647.767
361.444 -0.221884 1.87738 322.908 1.25456 -2.55748 783.108 0.706848 0.778166 0.817148 0.807948 686.766 -0.195763 2.07315 661.447
323.398 1.18261 0.0494469 275.792 0.0480301 -1.48503 558.965 0.57089 0.558558 0.798527 0.821155 667.957 2.38958 2.34013 574.106
292.448 -0.0675882 2.55088 252.656 -0.376682 0.797669 436.213 0.690095 0.641731 0.752849 0.830157 993.027 -1.24013 2.0378 512.594
332.427 0.395627 2.16802 254.604 -1.06534 -2.95701 605.806 0.41969 0.229079 0.502255 0.847664 911.249 -0.391994 2.56001 583.115
468.805 -0.402562 1.27917 266.869 0.137348 3.01447 589.853 0.804103 0.778405 0.788997 0.700389 536.215 -0.958736 2.2379 696.678
568.097 0.959719 -2.12273 315.302 -0.231814 -0.575805 804.986 0.800752 0.727282 0.851754 0.783648 434.909 1.5746 2.1504 1034.91
404.949 1.11884 -0.271253 302.49 -0.463349 -2.46877 885.699 0.759204 0.571231 0.878715 0.62078 192.953 1.77623 2.03819 901.91
359.834 -0.775525 -2.24646 300.474 -1.04731 2.73237 423.276 0.776676 0.439328 0.763708 0.728789 459.84 -0.196322 2.05013 759.937
388.13 -1.09325 -2.29831 292.792 -1.50112 2.43294 524.098 0.698793 0.775344 0.844599 0.761428 235.248 0.102925 2.33002 919.633
435.548 -1.11447 -0.699904 370.411 -0.850793 -2.56744 674.9 0.784447 0.836074 0.78701 0.732654 670.848 1.39767 2.09758 840.533
293.806 -0.403503 -1.62216 274.357 0.61945 -2.86034 465.6 0.606853 0.397429 0.792961 0.818052 195.88 0.473329 2.09549 912.605
347.263 0.488351 -1.29783 308.491 0.398372 0.167932 473.784 0.743578 0.763719 0.809808 0.761795 458.218 2.75491 2.23045 833.918
330.162 -1.547 2.44169 278.183 -0.739248 1.47589 397.059 0.762316 0.800658 0.72891 0.708208 423.021 -1.03818 2.51407 601.965
623.269 -0.0235006 1.06217 362.322 -0.15949 0.0521251 502.418 0.396841 0.712415 0.789156 0.754353 848.668 -2.45918 2.5113 1134.09
322.349 0.94577 1.74288 260.665 -0.222701 2.1919 390.901 0.72471 0.604786 0.839645 0.754546 411.405 -1.09845 2.84134 714.258
403.509 0.171211 -1.22511 305.627 0.242715 2.5269 712.658 0.587848 0.258495 0.77686 0.772647 137.511 2.90472 0.377816 922.291
331.538 0.351576 1.83708 273.333 0.154015 2.86819 324.956 0.628512 0.452093 0.409364 0.719308 486.56 -0.958317 2.45667 634.722
404.955 0.699395 -1.433 258.983 0.0355228 0.943931 678.036 0.611908 0.456917 0.782527 0.619905 89.6581 0.958066 0.0141342 731.017
514.513 -0.506159 1.17327 255.743 0.354298 2.13317 474.296 0.622634 0.401277 0.703539 0.675328 748.494 -1.83251 2.31751 1005.42
336.322 1.64681 0.467238 260.623 -0.0523736 -0.956243 693.401 0.495214 0.762804 0.316607 0.701099 257.633 2.7919 2.32466 633.99
535.625 0.148126 -1.24417 263.606 0.417408 0.164255 516.401 0.849786 0.4651 0.773951 0.848082 660.124 2.44232 2.27806 852.317
330.66 -0.47344 -3.08572 250.816 -1.41253 -1.89364 447.444 0.533206 0.676057 0.733586 0.752001 581.042 0.628456 2.52209 588.423
282.373 0.491113 2.17246 271.444 1.49528 -1.71519 616.975 0.817261 0.502535 0.85099 0.797585 213.988 -1.72633 0.011139 701.882
398.91 -1.94636 -0.884246 327.654 -1.04113 0.893953 675.65 0.634609 0.687248 0.780511 0.776743 539.016 3.1154 2.22145 766.178
442.075 -1.20929 1.76372 284.116 -0.980721 -0.405337 666.526 0.618791 0.505047 0.851541 0.780232 587.371 -2.37021 1.96487 679.99
358.812 0.978984 -0.957874 293.563 -0.278317 -2.64854 671.261 0.405791 0.583497 0.55869 0.725175 705.375 1.43131 2.20333 631.291
336.153 -1.33135 1.41214 262.45 0.628359 0.0981028 782.266 0.794365 0.760175 0.761889 0.817728 668.971 -2.59872 2.27233 606.13
522.487 0.260728 -0.703384 269.612 -0.0411897 -2.28256 552.385 0.670352 0.589464 0.732219 0.720992 606.153 1.93364 2.06698 804.436
288.716 -0.689963 1.80542 270.541 -0.316157 0.737131 319.009 0.585951 0.514654 0.399691 0.741219 502.31 -1.78855 2.52568 958.58
357.376 0.920561 1.12863 250.671 1.20037 2.5767 428.984 0.581882 0.748939 0.742897 0.793895 282.645 -1.27106 2.3997 799.69
377.592 -0.932039 0.0332673 261.694 -0.0335352 -0.492248 353.083 0.612871 0.713752 0.822808 0.795117 637.532 2.95024 2.8407 640.18
577.597 -0.551677 0.657497 475.61 1.63514 2.38716 1618.08 0.722584 0.558743 0.702607 0.681564 507.503 -1.64407 2.25195 1064.63
346.781 -1.60253 -1.04574 272.684 -0.0728827 0.285985 650.682 0.796966 0.570525 0.814 0.754576 234.452 2.64914 2.36315 880.879
336.399 -0.17544 -2.28344 255.345 -0.292422 2.94414 326.37 0.793606 0.51037 0.758575 0.791878 450.331 0.604512 2.33962 739.583
395.725 -0.0844708 1.44313 377.404 0.26786 -0.294822 630.518 0.38245 0.395119 0.822074 0.633718 668.819 -2.85951 1.98055 781.865
864.609 0.166353 2.41842 588.607 0.364618 1.045 948.017 0.148218 0.695395 0.643716 0.75221 712.537 -1.39011 2.43512 1642.36
418.248 -0.201326 -1.70354 254.424 -1.44652 -0.140127 640.351 0.648278 0.502511 0.685256 0.931293 408.031 2.43273 2.14692 843.848
326.774 0.565915 -1.42143 295.514 -0.201923 -2.58524 435.062 0.710757 0.683281 0.589677 0.729843 312.772 1.08123 2.50265 898.407
435.938 1.18211 2.46021 259.23 1.53284 -1.88142 585.827 0.811073 0.778479 0.886358 0.825607 415.078 0.1737 2.05511 680.155
329.079 0.274795 2.74189 255.669 1.4349 -1.62306 603.267 0.768986 0.736141 0.690994 0.74734 529.781 0.729488 2.01241 561.405
314.255 0.293608 1.80507 259.111 0.154455 -2.28847 530.393 0.496887 0.343056 0.780497 0.576114 589.804 -0.229115 2.03419 550.249
403.092 1.20537 -2.92222 284.714 -0.753635 -1.28151 933.496 0.565224 0.128581 0.745338 0.787796 289.427 0.715086 1.99659 823.169
333.319 0.416527 -2.12379 260.825 -0.277052 2.54383 491.942 0.529411 0.430722 0.770073 0.737586 87.6025 0.0197478 2.14354 829.323
300.309 0.999074 -1.52191 272.505 -0.30952 0.0543276 579.841 0.774828 0.613507 0.670523 0.716629 542.457 2.28858 2.23426 592.15
358.889 -0.677663 0.874833 341.082 -0.264592 2.74595 609.482 0.807973 0.478221 0.753822 0.649346 603.601 -1.21753 2.09236 758.766
400.505 -1.5414 0.132049 255.309 0.225557 -0.312333 682.48 0.53929 0.722764 0.788259 0.773161 988.753 2.73714 2.60509 728.621
607.606 0.972535 -1.01371 389.377 -1.19986 0.737842 1486.37 0.686881 0.74211 0.703712 0.715905 640.906 2.87135 2.1335 1057.37
597.74 -0.605506 2.4838 356.783 0.548888 -1.99035 931.526 0.462211 0.763111 0.796415 0.74316 714.025 0.197326 2.18768 954.148
314.871 -0.38555 -2.77048 271.821 0.800798 2.5585 471.12 0.469144 0.589083 0.786528 0.701743 874.54 -0.110731 2.65975 578.797
430.817 -0.975173 -1.45635 374.026 0.0307079 -1.27553 454.158 0.706737 0.481773 0.793609 0.749249 1284.02 1.62145 2.89698 883.2
324.205 0.111713 1.87622 254.658 -0.361656 -1.76249 602.212 0.781358 0.354033 0.779438 0.671135 605.623 -1.71919 0.0432993 747.967
341.753 -0.975035 0.299593 261.214 0.720214 1.61517 686.096 0.59274 0.601402 0.620747 0.742282 463.002 -2.08359 2.38318 732.245
341.802 0.0969574 3.00617 258.313 -0.687532 -1.59058 521.526 0.706986 0.453909 0.83395 0.795992 655.804 0.488563 2.07914 669.722
371.962 0.0500993 0.993185 327.202 -1.17729 2.32312 635.848 0.810602 0.568808 0.738515 0.832646 271.016 -1.8773 2.08276 871.857
380.962 0.0447945 -2.10023 306.024 -0.123898 -0.293674 556.761 0.68517 0.466369 0.72577 0.737245 731.769 1.82473 2.11841 655.087
420.188 0.865415 -2.42073 274.677 0.544656 2.16516 539.79 0.753207 0.787599 0.748952 0.67323 344.015 0.0893959 2.07576 876.577
339.386 -1.07512 -2.10996 303.374 -1.47822 -0.772492 434.407 0.726208 0.616122 0.799851 0.76823 274.664 1.67807 2.45056 795.468
404.024 0.0679635 1.25255 326.842 -1.46358 0.212063 725.793 0.666604 0.606095 0.787869 0.804933 592.93 -2.42167 2.60896 874.833
806.11 0.656959 -1.7673 351.108 -0.720132 -2.28392 845.286 0.735235 0.318876 0.614963 0.829436 192.046 0.24884 2.01614 1346.36
416.391 -0.115264 -0.793873 300.531 0.929366 0.105056 510.338 0.770052 0.744163 0.841597 0.748894 381.901 -3.05487 2.26099 1137.33
436.712 -0.0695225 -0.309386 278.61 1.13623 1.41826 713.34 0.59021 0.724915 0.5695 0.82728 355.835 -2.81394 2.05099 909.908
375.243 0.254963 1.65381 324.249 -0.603468 -0.267813 667.371 0.506662 0.758319 0.749496 0.77002 442.372 -2.50603 2.12335 717.963
345.113 0.0267125 -1.59225 260.714 0.577509 -0.0835433 452.663 0.222491 0.780749 0.714391 0.786961 598.042 2.27764 2.36118 591.021
457.952 -1.67098 -1.26268 372.599 0.0450091 -0.132672 934.692 0.84406 0.494224 0.835571 0.785084 490.587 2.53006 2.49044 869.221
496.143 -0.190753 -0.292357 344.284 -0.416588 0.787735 461.905 0.748061 0.714792 0.791592 0.717148 567.213 -3.03132 2.46413 842.724
271.61 0.466844 -0.654214 261.501 0.53968 -2.51618 444.315 0.694717 0.543168 0.805464 0.834103 419.975 1.74572 2.02128 584.591
308.653 -0.356556 -3.11871 303.325 -0.0892373 -1.63627 444.77 0.674528 0.481132 0.751437 0.762583 753.294 0.40911 2.04538 736.266
369.435 -0.212959 1.3243 320.628 -0.28672 -0.71639 606.358 0.615921 0.515286 0.863911 0.703157 55.6037 -2.77196 2.05557 898.791
433.867 -0.930263 2.01642 338.104 -0.552558 1.0618 404.929 0.317563 0.649972 0.666316 0.82659 358.265 -1.10616 2.16795 1049.87
406.505 -0.318189 -1.4168 370.617 -1.52762 -3.00619 757.262 0.76768 0.804418 0.787207 0.776561 560.463 1.19486 2.08214 748.17
450.11 -0.956213 -2.05379 262.705 0.183325 -2.00964 437.337 0.361465 0.588958 0.698811 0.741621 598.832 1.08683 3.09647 956.049
509.108 -1.28668 -1.52723 262.431 0.192519 3.05846 825.465 0.68459 0.443238 0.735012 0.568483 715.202 0.841236 2.21722 751.394
393.525 -0.274225 2.48134 387.621 -1.10212 -1.87938 734.329 0.690754 0.818858 0.817306 0.722841 271.677 0.281007 2.16038 969.693
330.665 -1.19239 -0.363822 316.049 -0.375341 1.4775 589.047 0.483393 0.575087 0.715865 0.7077 169.135 -2.48211 2.11829 741.905
523.576 1.61029 0.321381 346.29 0.227101 -1.55369 946.297 0.524626 0.615391 0.787479 0.603526 634.841 2.48567 2.16429 841.508
379.298 -1.08747 0.871854 336.886 -0.584877 2.96004 697.339 0.576492 0.200897 0.726163 0.793019 239.547 -1.28296 2.04019 799.107
310.47 -0.704331 -1.11585 284.936 0.321565 -2.34881 474.971 0.713618 0.563143 0.761255 0.746245 661.22 1.84801 2.08636 814.283
329.006 -1.60142 0.141475 317.054 0.15982 1.96634 834.526 0.862812 0.287772 0.848298 0.668003 640.304 -2.02848 2.16996 616.108
430.081 -1.0999 3.00785 285.334 -0.785632 -0.635938 741.606 0.663873 0.358167 0.838791 0.732798 463.019 -1.27678 0.640842 953.198
357.502 0.299392 -1.43003 286.795 -0.415947 0.58405 598.433 0.86295 0.46529 0.67177 0.624145 431.62 2.74797 2.10519 661.053
300.015 0.517309 -0.981804 265.428 -0.212679 -2.29147 415.436 0.699916 0.792815 0.833308 0.811325 318.696 1.40105 2.38286 689.534
282.473 -0.60491 -2.6332 263.609 0.277252 2.51779 403.398 0.734391 0.832783 0.818465 0.8384 567.088 -0.25768 2.37552 645.953
475.499 -0.685912 -1.79738 250.64 -0.943763 2.59003 573.565 0.745931 0.682596 0.819619 0.794184 601.869 0.448493 2.14154 754.733
430.454 -0.736792 -1.11502 291.789 -0.233323 0.205864 489.359 0.266805 0.44217 0.511525 0.506246 499.547 2.69151 2.47666 861.494
459.474 -0.39035 -0.567219 269.873 0.322112 1.64053 686.933 0.259483 0.652131 0.661959 0.707198 660.1 -2.60621 2.03645 713.395
316.263 0.683215 -0.860223 284.605 -1.12481 0.139951 690.487 0.488252 0.571797 0.787713 0.775181 78.4534 2.73004 2.59009 841.541
325.764 0.951865 2.69618 302.702 0.0416408 -1.4389 647.3 0.661114 0.732148 0.803462 0.516034 456.926 0.65595 2.04022 612.075
340.652 0.426472 2.23613 331.833 -0.505927 0.334507 653.771 0.795846 0.659946 0.724162 0.640731 104.059 -1.84902 2.18353 783.503
326.11 -0.775103 2.92077 318.101 0.292873 -1.11754 712.791 0.660275 0.180391 0.784007 0.861341 469.864 0.901937 2.01883 648.54
374.162 -0.469525 -0.84633 303.258 -0.832174 -2.41777 500.659 0.772947 0.764456 0.792865 0.688247 241.924 1.52035 2.34506 812.703
365.091 -0.269331 -2.92891 339.685 0.0872308 2.02152 467.163 0.814666 0.692155 0.747857 0.780696 775.976 -0.287036 2.30855 784.04
435.03 0.761353 2.0272 291.533 1.31044 0.720135 497.91 0.258595 0.474493 0.654995 0.811218 919.032 -1.30433 2.02446 798.377
455.64 -0.32915 2.43178 265.916 -0.766203 0.356765 632.844 0.473346 0.446648 0.783487 0.794417 389.867 -1.64824 2.005 830.267
355.994 0.123954 0.0800473 252.965 -1.22073 -0.758185 511.507 0.342385 0.824384 0.718408 0.77757 263.868 2.5372 2.45715 729.38
295.271 0.486679 0.495404 264.728 -0.809311 0.89728 417.357 0.649811 0.6688 0.835277 0.731236 657.745 -2.15367 2.64907 724.247
335.598 0.133349 1.3421 286.33 -0.06828 -0.162561 450.908 0.64901 0.812707 0.649124 0.777559 461.788 -2.89215 2.04894 701.873
405.792 0.0189389 1.13852 272.135 0.498116 -0.320562 486.604 0.725668 0.603745 0.863151 0.762472 430.083 -2.39608 2.07552 848.364
422.321 -0.492362 0.540479 322.712 1.31928 1.16414 818.704 0.781909 0.865637 0.764123 0.750141 664.446 -2.35827 2.76077 776.086
389.201 -0.149218 -1.37411 252.304 -0.82239 -2.94633 511.191 0.742739 0.496513 0.612639 0.640768 494.128 1.06081 2.27604 664.338
297.04 0.112402 -1.00846 262.688 0.338146 0.664229 442.429 0.793476 0.765589 0.755602 0.742921 295.995 -3.11675 2.10829 584.197
367.399 -0.603469 0.220739 318.411 0.538532 1.40034 575.682 0.801193 0.637809 0.764794 0.64512 659.835 -2.00121 2.22195 709.84
306.338 2.02807 2.87354 250.732 -0.12096 -2.2758 790.976 0.766979 0.396497 0.755994 0.728729 596.57 0.590186 2.28336 742.43
389.404 -0.939196 2.0141 254.292 0.536294 -2.34934 730.609 0.742976 0.336416 0.690984 0.764899 244.284 -0.0904187 2.10452 840.664
310.497 -0.618471 -1.13113 269.107 -0.150878 0.222345 394.649 0.756993 0.498434 0.769364 0.805498 307.677 2.61462 2.39228 728.48
304.061 0.915008 -2.58925 255.961 0.416946 -0.830014 462.316 0.745661 0.27733 0.825843 0.535385 359.756 1.58354 2.1104 595.595
338.172 0.205447 -0.0858486 311.651 1.05025 1.35592 525.361 0.769323 0.742936 0.748912 0.804543 962.901 -2.74619 2.18107 621.818
336.299 -2.29819 0.354883 281.503 1.20065 -1.67341 1800.83 0.677916 0.515382 0.769255 0.634427 340.762 2.56374 2.04604 625.924
328.895 1.52508 -2.65451 265.344 -0.034191 -1.60386 618.117 0.566407 0.831306 0.804873 0.790099 641.168 0.701191 2.30505 630.376
358.997 -0.290088 2.45005 307.173 1.1045 3.05534 547.486 0.830325 0.474953 0.773551 0.515028 893.849 -0.221933 2.67198 764.092
292.318 0.756651 -2.19837 284.375 -0.153167 -3.12759 393.187 0.817614 0.791169 0.68718 0.742907 835.665 0.643993 2.5116 544.082
450.994 -0.0824745 -2.4643 369.963 -0.0299025 -0.589033 667.067 0.696988 0.683148 0.677759 0.58172 830.1 1.78974 2.02915 918.451
409.97 -0.797532 1.98858 264.779 -0.55602 0.278826 521.578 0.784176 0.733078 0.783951 0.845026 406.423 -1.82741 2.10624 817.895
387.977 -0.844659 1.83002 322.724 0.255712 1.59385 442.163 0.516361 0.788294 0.845445 0.7654 157.762 -1.67592 2.77725 1070.17
348.917 -1.56718 -1.13907 256.695 -0.930636 0.037074 402.363 0.274446 0.460316 0.845028 0.743102 566.944 2.4769 2.43982 635.558
359.242 -1.28997 2.13223 263.787 -1.26883 -2.40491 507.869 0.697847 0.54037 0.673284 0.760894 435.715 0.0178122 2.11442 623.769
338.345 0.522459 -1.16613 284.826 -1.27191 -2.94794 815.171 0.757868 0.576111 0.827125 0.755067 310.912 1.0447 2.21083 770.364
382.053 -0.0626185 -2.36451 265.67 -0.795876 -0.333465 625.062 0.684234 0.18093 0.606874 0.501855 589.452 1.71739 2.05086 653.38
328.768 0.550641 2.16823 281.558 -0.395032 2.9178 389.822 0.784779 0.789746 0.744957 0.76978 1030.13 -0.497735 2.66597 581.258
353.059 -0.41746 -0.0102394 276.276 -0.649253 -2.07066 566.109 0.292598 0.633136 0.809359 0.746649 475.902 2.11729 2.09524 689.936
505.115 -0.736613 2.37842 316.652 -1.13058 0.690706 679.727 0.230348 0.74072 0.672875 0.72057 881.94 -1.58096 2.27166 790.659
374.205 -0.0420588 2.49689 313.331 -0.434865 0.861539 565.018 0.751015 0.281149 0.693411 0.655486 471.793 -1.73487 2.05142 774.427
320.414 0.804468 1.00746 307.494 1.38622 2.50607 489.785 0.545993 0.712613 0.754172 0.789389 822.089 -1.18367 2.19113 589.885
366.583 -1.09177 0.235366 281.352 1.79629 -1.33749 1370.86 0.73292 0.74525 0.737368 0.866506 632.835 2.75692 2.18877 642.219
298.47 1.59889 -2.51601 257.181 0.211775 2.96488 473.541 0.797802 0.649122 0.722787 0.837003 645.405 0.363292 2.60159 543.458
309.535 1.76325 2.4575 304.185 0.665247 0.777139 605.508 0.786682 0.701518 0.848544 0.668877 564.167 -1.52747 2.29822 579.855
344.216 0.0815037 -1.10231 314.372 0.618296 -0.109824 393.335 0.81276 0.591976 0.838619 0.604507 1143.36 2.29744 2.40726 719.772
335.146 -0.884659 -1.6072 268.734 0.0651944 2.23311 667.438 0.741056 0.213469 0.779518 0.831786 52.1737 2.10756 0.125553 752.955
305.916 -1.34769 0.85024 281.969 0.0312483 -0.574006 601.323 0.650983 0.585533 0.845182 0.838206 557.305 -2.82103 2.24703 636.565
372.747 0.950917 1.62989 283.099 -0.250864 -0.594254 755.596 0.607825 0.354147 0.758336 0.790649 147.828 -2.30127 1.70702 777.238
747.253 0.588189 -0.458187 375.539 0.116553 0.583907 615.142 0.748864 0.720135 0.690641 0.671153 755.171 2.82435 2.24044 1225.63
298.347 -1.71685 1.52447 264.472 -0.194241 2.23181 524.259 0.71931 0.640261 0.836 0.824288 426.159 -1.26086 2.78533 775.922
378.128 -0.955615 -3.01765 282.143 -0.628339 1.97639 441.94 0.466646 0.364431 0.755137 0.686943 135.058 -0.683807 2.33384 897.802
299.356 1.07456 2.22942 257.187 -0.160858 1.28043 457.129 0.617311 0.557037 0.722618 0.822453 780.094 -1.27871 2.55914 519.611
289.204 -0.798213 -2.52471 286.77 0.535316 -2.14647 448.836 0.623797 0.751891 0.780436 0.72881 406.167 0.377494 2.52396 696.671
271.164 0.918703 2.90499 252.893 -1.14768 1.39755 741.755 0.826804 0.809913 0.740121 0.844569 651.257 -0.63683 2.03439 543.127
379.254 0.41349 -0.893807 375.641 1.01887 1.12549 690.581 0.796902 0.475783 0.710174 0.752724 444.172 -3.10876 2.04894 874.778
335.871 -1.26142 2.65225 281.815 0.040341 2.77637 442.649 0.669148 0.517819 0.710144 0.399343 666.393 -0.338816 2.99107 751.81
495.806 -1.56464 2.71672 344.507 -0.319682 -2.28798 742.224 0.727726 0.580889 0.744045 0.628783 762.086 -0.0162649 2.27171 825.842
309.738 0.360352 -2.11611 295.039 0.744821 -0.565065 449.333 0.768128 0.775368 0.68723 0.886812 387.58 1.47771 2.04278 754.171
401.756 -0.560529 1.78362 373.524 0.883146 3.03525 770.643 0.738222 0.622054 0.593115 0.767297 807.754 -0.957821 2.29011 783.145
348.997 -0.457327 1.02392 258.09 0.0296062 -2.79422 608.477 0.580682 0.419493 0.864256 0.711433 157.367 3.0842 0.404763 787.337
390.668 0.664828 -1.96434 304.869 -1.79101 3.12636 1151.07 0.546158 0.34045 0.784158 0.769916 494.386 0.594351 2.53201 843.089
361.054 -1.26752 -2.25328 329.795 -0.76868 2.77996 456.791 0.747642 0.763578 0.72154 0.777954 488.894 0.0644461 2.31773 923.46
275.292 1.08112 1.59763 271.022 -0.381705 -0.107113 616.524 0.80371 0.490027 0.732891 0.750124 578.269 -2.13121 2.02409 625.783
436.146 -0.291712 1.75751 259.459 -0.325178 0.676077 365.093 0.434373 0.562002 0.834306 0.836963 768.478 -1.76335 2.43943 707.609
334.605 -0.848268 -2.74859 280.849 1.03252 2.23775 771.16 0.518296 0.737093 0.811517 0.641842 537.443 -0.401711 2.34688 579.777
593.759 -0.242261 -2.45724 391.877 0.252564 1.82019 857.846 0.784706 0.303111 0.78306 0.754185 653.522 -0.298854 2.11905 1047.21
324.585 0.840897 -0.287927 283.23 -0.0541808 -1.96598 539.753 0.77527 0.511613 0.594804 0.604592 503.427 1.92396 2.21188 637.047
347.18 -1.94977 1.83459 269.941 0.556205 1.37272 1008.68 0.518998 0.665725 0.711473 0.826285 444.252 -1.40214 2.77486 661
294.903 -0.0162643 -0.453992 262.007 1.76472 0.945007 675.712 0.744524 0.651649 0.821398 0.842647 659.307 -2.93773 2.40044 524.281
307.391 0.128771 -0.910257 253.97 0.170959 -2.5986 424.617 0.812722 0.80543 0.709007 0.739578 605.716 1.52588 2.1587 601.963
314.485 -1.17565 1.14388 282.131 0.116523 0.279996 510.844 0.807037 0.593036 0.689494 0.737165 458.186 -2.40689 2.68689 747.895
296.94 0.0585889 -2.87633 254.268 -0.465208 -0.853764 513.631 0.708502 0.554829 0.74581 0.804079 613.643 1.32642 2.08044 526.868
341.558 -1.28268 -1.56769 302.875 0.953704 3.12776 995.447 0.611714 0.800521 0.810032 0.851133 345.474 0.881655 2.24611 723.966
410.169 -0.0584556 -1.45903 255.691 -0.747367 3.14044 555.179 0.477639 0.594261 0.813976 0.576422 341.151 1.15865 1.9818 902.676
306.24 1.76149 1.86039 258.191 0.314364 2.56243 499.952 0.818933 0.697885 0.727259 0.704416 405.389 -0.865718 2.72611 634.335
268.569 -0.688309 1.45993 251.683 1.67693 0.321238 825.57 0.739878 0.785502 0.825457 0.814331 496.648 -2.12524 2.44647 524.593
496.402 -0.0268432 -0.429039 331.422 0.346149 -1.44355 444.754 0.637662 0.736748 0.778703 0.694509 702.732 2.29511 2.54453 818.364
412.064 -0.176372 0.481612 372.079 -0.4297 -1.09163 581.351 0.534826 0.777564 0.740491 0.722566 189.305 3.10711 2.08445 1016.65
1074.79 -0.156669 0.0702753 332.286 0.571976 -2.87896 1408.16 0.0897675 0.280427 0.507314 0.417617 1128.2 -3.04275 0.16379 1469.19
427.233 -0.0189135 -0.0160067 345.674 -0.846497 1.50744 644.431 0.380172 0.575589 0.751829 0.684662 882.912 -2.55803 2.21772 757.115
373.621 0.652832 -1.5355 287.375 0.769787 -3.04085 458.222 0.411221 0.399994 0.582955 0.643408 423.258 0.668765 2.20427 772.103
570.022 -1.47305 1.8113 379.252 -0.13232 0.155005 971.194 0.761543 0.764208 0.773254 0.80563 181.887 -2.15821 2.31322 1072.47
313.044 -0.054463 0.0115964 269.073 0.883045 1.28682 470.453 0.797297 0.436597 0.859088 0.482567 463.416 -2.46314 2.47473 717.741
335.816 0.862206 0.662709 269.007 -0.0348692 -0.252746 399.08 0.617221 0.466156 0.735969 0.703015 273.648 -3.00261 2.61786 763.601
409.541 -0.327951 -0.320498 369.098 1.80444 -1.93523 1150.26 0.697149 0.767799 0.698985 0.753713 682.425 2.01535 2.33261 753.524
296.949 -1.84412 2.39003 254.841 -1.11966 -2.4686 497.876 0.865219 0.21283 0.833108 0.631156 765.969 -0.181478 2.28712 549.169
300.142 0.610443 1.31873 275.702 -1.56673 0.578387 800.594 0.728501 0.589648 0.701128 0.83064 196.534 -1.99064 2.56903 881.521
388.315 -0.437831 0.601488 287.61 -0.850011 2.57202 627.637 0.701075 0.189767 0.68653 0.742974 624.162 -1.48561 2.0871 678.292
336.915 1.28342 -0.921115 260.893 -0.246439 -1.5723 562.541 0.339534 0.627063 0.859755 0.728044 657.293 1.89978 2.8111 583.902
471.14 -0.400501 -2.83427 344.289 1.21126 -3.00958 733.556 0.698169 0.736312 0.850344 0.759126 890.598 -0.0890286 2.74525 1176.15
401.278 -0.707776 -2.90328 256.572 0.815555 1.97526 686.609 0.824939 0.739951 0.738561 0.879323 791.378 -0.480086 2.4232 634.184
274.829 0.758839 2.9027 260.645 -0.208574 -2.45676 371.378 0.579892 0.22257 0.843035 0.699795 334.567 0.74236 2.16034 713.956
520.547 0.562552 2.00837 280.241 0.894992 -0.103837 691.157 0.494765 0.648481 0.64766 0.669522 411.016 -2.23452 2.0403 835.197
622.57 -1.02055 2.17091 250.329 0.149314 -2.06099 857.068 0.747786 0.544824 0.74392 0.76246 98.081 0.138643 2.03227 1090
288.11 1.42804 1.52827 250.204 -0.211913 0.870783 531.687 0.68703 0.698622 0.760584 0.717966 365.448 -2.53424 2.22068 736.396
372.302 0.745149 -2.41821 284.062 0.774524 -1.13011 406.952 0.643904 0.636116 0.727825 0.809641 566.966 0.957745 2.08785 806.172
496.224 -1.27244 -1.06292 314.974 -1.24916 0.953075 693.688 0.789348 0.642348 0.716295 0.785249 649.255 -3.12862 2.06571 779.43
338.414 -0.447295 -0.418899 263.28 -1.67664 1.03794 577.423 0.480111 0.67224 0.777135 0.827052 295.568 -2.76548 2.34658 687.888
432.741 2.04768 -1.53316 340.227 0.402722 -0.313967 848.663 0.752754 0.581348 0.822326 0.837081 685.195 2.25475 2.49528 779.298
687.689 -0.915799 -0.930095 252.038 -0.716596 0.605616 613.302 0.752935 0.760605 0.70105 0.816442 1034.74 2.62704 2.02143 915.469
450.25 -1.27151 2.14776 352.794 0.139628 0.153379 914.412 0.819463 0.667937 0.681016 0.740419 601.814 -2.00313 2.1323 817.404
375.307 0.180912 1.96456 266.734 -1.6782 1.69664 696.708 0.720544 0.745073 0.826951 0.795333 696.112 -1.47017 2.84846 668.104
530.714 -0.741472 2.5971 264.468 1.29425 1.8152 953.162 0.717606 0.720721 0.809075 0.629952 587.257 -0.748074 2.56327 940.406
404.781 -0.399341 2.15783 261.865 0.54894 -1.08153 755.973 0.599892 0.203903 0.457188 0.459399 858.158 -1.67306 0.591523 831.544
445.794 0.602731 2.47161 307.827 0.86693 1.23923 454.177 0.735726 0.515458 0.830143 0.694682 466.438 -0.832099 2.07133 870.068
372.23 1.06125 -1.73376 267.792 -0.127973 -0.598748 533.842 0.472316 0.635237 0.692639 0.820418 400.882 1.95334 2.55209 748.125
354.801 -1.32772 -2.05526 338.447 1.50592 3.07774 1400.65 0.480389 0.850084 0.807514 0.860445 857.753 0.734227 2.34351 719.707
543.194 -0.42858 -0.304986 252.152 0.274933 1.75425 706.377 0.443549 0.654318 0.744268 0.408233 188.265 -2.33466 2.02968 1143.27
381.533 0.446642 -2.71272 250.569 0.208632 -1.68923 345.78 0.554395 0.567986 0.696026 0.760134 805.702 0.737013 2.42624 626.186
281.381 -0.506956 0.598495 255.629 0.259939 -1.42723 520.674 0.737647 0.756097 0.835014 0.7005 266.626 2.84154 2.01442 736.805
362.15 0.97008 -2.10402 360.619 -0.0700714 3.11386 558.672 0.754378 0.540058 0.631235 0.674682 1152.86 0.600366 2.51349 663.87
364.871 0.357214 2.4721 276.688 -1.07979 0.549836 729.481 0.672165 0.560914 0.745071 0.83701 707.119 -1.5516 2.10144 614.979
302.227 -0.431668 -1.95741 269.859 -2.07189 3.09537 622.685 0.540651 0.686894 0.825391 0.615666 311.958 0.050579 2.00799 692.779
499.984 -0.598396 1.27311 306.103 -1.55096 2.24686 549.615 0.701601 0.824843 0.719786 0.720241 824.071 -1.57814 2.45819 821.111
297.408 -0.549822 2.11601 250.979 0.506868 1.50783 364.549 0.616251 0.398887 0.883208 0.714035 867.361 -1.35962 2.80756 578.945
271.913 2.17254 -3.11307 255.77 0.386062 2.74155 593.398 0.698012 0.521869 0.730275 0.622978 709.368 -0.189707 2.92336 632.876
597.855 0.0729443 -0.420919 390.438 0.230256 -2.24759 783.437 0.648171 0.577448 0.76427 0.858097 586.697 1.72423 2.14515 1066.63
394.971 0.167993 0.874997 304 0.55043 -0.456838 475.771 0.461814 0.423238 0.710392 0.787991 424.424 -2.8581 2.40126 774.667
312.173 1.23498 2.99015 267.391 1.07808 1.17902 480.141 0.856277 0.548199 0.817855 0.696804 178.933 -1.00078 2.1798 727.925
709.235 -1.77794 2.3364 272.786 -0.425116 1.86308 687.223 0.641789 0.639473 0.740481 0.711273 379.211 -1.51393 2.43286 1198.43
475.482 -0.631088 0.398353 310.564 0.195089 1.89238 626.584 0.654332 0.796856 0.858551 0.765272 763.103 -2.16685 2.22395 853.1
431.33 0.570613 -0.926495 309.661 -0.120668 0.991654 662.974 0.645008 0.648794 0.868658 0.579163 75.4899 3.14118 2.14953 981.986
529.98 0.17536 -1.35522 519.66 -0.947017 -1.47101 649.891 0.548233 0.734951 0.684941 0.756251 1013.96 1.4514 2.80662 1133.92
404.908 -0.0139294 2.61026 316.528 0.27965 1.48652 413.948 0.430218 0.351021 0.660817 0.720744 1025.31 -1.02496 2.51148 771.709
423.904 0.551476 0.0427171 290.754 -1.69557 -1.25505 1068.19 0.802124 0.721523 0.699978 0.839686 328.166 2.67182 2.35632 747.373
359.868 0.493447 2.18279 252.538 -0.720402 0.112159 658.28 0.770533 0.723475 0.730712 0.748967 347.994 -1.89541 2.00757 793.892
479.473 0.0205896 -1.08559 312.878 0.650644 3.07934 740.932 0.33403 0.797426 0.577599 0.782327 461.296 1.05038 2.02896 802.417
382.161 1.41703 -0.33159 292.259 -1.48699 -2.05493 1447.14 0.751957 0.814716 0.765824 0.845596 243.838 1.9167 2.24829 790.428
662.993 0.159332 0.197159 351.959 -0.605534 -1.1234 716.233 0.686445 0.741917 0.736044 0.789606 1092.97 3.02262 2.13717 1025.54
311.552 -0.162926 1.1807 257.745 1.49041 -0.208535 659.005 0.550609 0.263334 0.572742 0.802591 840.205 -2.5226 2.31407 554.958
519.384 -0.0786897 2.79074 286.418 0.394134 -1.71071 638.548 0.738767 0.509832 0.663846 0.564656 707.738 0.600788 2.18995 846.595
292.214 -0.125568 2.33179 272.015 2.57729 2.72945 1029.14 0.376339 0.495386 0.731222 0.785489 550.917 -0.481881 2.81368 622.585
480.437 1.55877 -2.50763 269.396 0.137885 -0.797061 792.968 0.798767 0.419798 0.754719 0.785965 683.337 1.29457 2.09163 720.315
388.013 -1.28167 -0.639404 258.929 -0.297723 0.939715 579.559 0.745191 0.830694 0.843874 0.780748 589.502 3.0976 2.15789 697.074
723.127 0.453767 1.28883 269.097 -0.85933 2.28543 768.49 0.824015 0.713114 0.72438 0.74573 948.133 -1.56706 2.4307 983.687
393.111 0.145937 1.72801 306.591 -0.236785 0.13738 532.124 0.734826 0.59894 0.827415 0.727141 522.379 -2.31058 2.2446 740.312
347.38 -0.114702 0.832825 304.677 0.220172 -0.8875 521.242 0.814991 0.661771 0.77655 0.635042 270.873 2.90221 2.06939 965.512
389.576 -1.26492 -1.16971 263.945 -0.462218 0.385378 537.031 0.457729 0.481332 0.698372 0.819296 621.345 2.63421 2.24883 656.932
375.887 0.0889586 1.68937 267.04 -0.788298 0.106303 557.692 0.287899 0.776128 0.688338 0.802163 451.574 -2.27884 2.31497 623.675
459.589 0.53908 -0.753426 338.191 0.0896806 -2.54337 644.936 0.716765 0.735826 0.655873 0.737518 441.572 1.5271 2.21271 785.634
355.686 0.721497 2.00719 308.43 -0.200586 0.0898081 669.687 0.381797 0.737531 0.603097 0.777618 668.576 -2.10584 2.17016 644.81
499.395 -0.0720651 -2.51559 377.857 1.11452 2.17513 845.048 0.529976 0.829532 0.854159 0.778747 436.383 -0.0658681 2.241 955.433
300.369 -0.0696022 -0.429877 287.82 0.287912 -1.95556 455.609 0.799509 0.214632 0.794034 0.702257 588.639 1.8277 2.25757 605.691
396.672 0.378183 0.443726 321.966 0.397648 -1.25875 591.798 0.743992 0.155622 0.711181 0.653294 643.441 2.67882 2.23509 703.788
395.687 -1.13579 2.05498 354.615 -1.57169 0.658962 526.311 0.74345 0.774533 0.77958 0.67169 170.839 -1.47 2.12896 979.589
460.047 0.964084 -2.69493 362.436 -0.0583579 1.68265 806.481 0.761709 0.55791 0.779663 0.611052 587.64 -0.370472 2.05312 865.874
482.742 -0.414315 0.761945 372.458 1.28934 -0.923379 1043.17 0.670733 0.384467 0.704566 0.787713 284.908 3.05199 2.29004 883.287
371.891 -1.01587 -2.70581 321.801 1.20467 2.04099 1060.63 0.489286 0.797812 0.821846 0.70863 434.782 -0.00684461 2.04784 915.621
403.035 -0.269941 0.0996612 337.2 -1.46907 0.448456 494.808 0.439094 0.688481 0.539902 0.78733 1107.15 -3.04863 2.7861 902.585
397.942 -0.363909 -0.675883 332.734 -0.157166 -2.63213 618.846 0.469474 0.506237 0.755523 0.722804 626.923 1.54394 2.10712 715.886
296.805 1.32828 -1.6639 286.192 0.599246 -2.69094 374.984 0.734076 0.705277 0.698031 0.877166 577.594 0.93369 2.59759 589.605
325.823 0.196285 2.13416 281.653 0.993705 0.0918678 586.419 0.44045 0.751055 0.824024 0.760955 600.785 -2.04823 2.10079 810.639
318.024 0.323625 -0.71405 276.997 -1.26577 0.132212 590.246 0.534885 0.499709 0.746608 0.660709 680.849 2.72389 2.59167 593.469
285.924 0.0655896 -2.67029 281.813 -0.884745 -1.27165 469.627 0.752208 0.782489 0.737289 0.800099 1094.28 0.771645 2.04329 547.22
309.748 0.629874 2.67316 283.838 -1.33026 1.49392 769.393 0.386184 0.785213 0.810243 0.738919 683.371 -0.910923 2.40485 665.242
625.554 -0.48076 -1.35326 413.926 -0.367445 -0.145831 595.178 0.733185 0.287844 0.812474 0.739263 709.619 2.25829 2.40412 1143.99
390.502 1.47767 2.73913 285.909 0.969977 -2.08443 499.683 0.665577 0.69408 0.817296 0.815488 429.132 0.623961 2.11517 850.523
370.592 -0.252265 -1.93062 362.858 -0.342756 2.76222 536.339 0.710427 0.761554 0.673982 0.839195 769.109 0.500895 2.26132 795.532
407.56 -0.563084 -0.263393 331.342 -0.821347 -2.27225 644.207 0.647882 0.805721 0.814817 0.829131 624.998 1.9601 2.05083 695.351
326.993 0.0519245 1.23952 312.988 0.244574 -0.00661564 394.072 0.5688 0.683632 0.614119 0.660384 230.063 -2.97297 2.0707 672.897
344.965 -0.850411 -2.86584 286.434 -0.23235 1.57776 582.314 0.0718254 0.639478 0.509678 0.815851 690.236 -2.38945 0.476389 882.206
305.251 0.0693697 1.56468 250.934 0.121068 -0.21716 451.807 0.618352 0.645969 0.754662 0.744048 313.712 -2.4821 2.2364 638.776
344.6 -0.228483 2.455 343.17 0.636336 -2.03975 626.438 0.632011 0.760817 0.740853 0.769986 486.887 0.174575 2.21432 725.255
302.559 1.284 0.546439 268.003 0.549184 -0.496934 382.899 0.803216 0.599863 0.84664 0.53321 398.575 3.05901 2.51257 553.647
381.152 0.359237 2.77675 369.596 0.880178 -2.05706 586.541 0.740485 0.157774 0.767574 0.484801 582.999 0.304095 2.36116 863.853
381.544 1.11198 1.98795 255.217 0.353174 -2.29776 590.801 0.768876 0.450824 0.783071 0.785796 424.985 -0.16596 2.1318 745.354
279.956 -0.19402 -0.563213 264.358 -0.986244 -2.29017 477.363 0.732696 0.686861 0.733876 0.784805 719.362 1.65199 2.2152 518.973
370.575 -1.22311 -2.21991 306.07 0.609038 2.23058 894.967 0.693717 0.705324 0.789537 0.667232 517.44 -0.0234635 2.19644 680.964
388.383 1.58787 -1.97229 271.823 -0.888612 2.90808 1116.49 0.740085 0.730189 0.806586 0.748157 513.019 0.709833 2.19825 803.144
399.715 -0.0961573 -2.80606 331.48 -0.159708 1.43743 633.569 0.83091 0.717221 0.765089 0.792624 448.316 -0.684225 2.12165 721.365
356.893 -0.236401 -0.244287 327.376 0.00462438 1.30219 489.221 0.66115 0.751901 0.670022 0.660293 787.281 -2.66211 2.31888 717.253
417.101 -0.218292 -1.3557 256.668 -0.84272 -2.97894 538.955 0.808307 0.581837 0.698948 0.590281 219.075 0.917324 2.27302 755.061
628.945 0.296985 -2.11625 297.795 0.528153 2.99714 497.917 0.716582 0.781352 0.690546 0.711475 300.596 0.255719 2.37197 1199.25
465.661 -1.07281 -2.98929 414.556 0.282169 -2.94078 657.994 0.50629 0.770628 0.800146 0.760405 594.168 -0.675741 2.26504 971.563
274.318 0.654354 1.24497 253.111 -2.15237 1.19822 1018.05 0.713822 0.631557 0.768216 0.808777 186.483 -1.80081 2.99903 657.076
470.207 2.26323 1.34426 386.067 -0.734601 2.8563 1925.45 0.834036 0.574982 0.771773 0.704824 760.766 -1.06407 2.36282 793.582
473.57 -0.101091 -0.513014 375.234 -1.00534 -1.90838 674.561 0.823098 0.705517 0.820477 0.811457 532.037 1.89386 2.40688 1004.33
329.277 -1.69262 2.58428 288.68 -0.695959 -2.66983 456.707 0.638403 0.70047 0.768803 0.803272 445.719 0.354425 2.22985 709.477
420.797 -0.502872 -1.6614 270.081 0.710989 -2.15389 474.165 0.649503 0.466102 0.741109 0.747423 139.247 2.11787 2.01142 873.588
330.523 -0.639824 0.514598 311.358 0.410056 -1.61389 668.838 0.687783 0.865945 0.618229 0.874252 596.904 2.61325 2.05605 622.375
344.881 -0.579973 0.0322146 256.782 -1.44752 1.75474 533.616 0.690423 0.622303 0.672087 0.808953 616.365 -2.00853 2.04075 623.391
353.529 0.359545 2.2641 260.551 -0.546946 1.16139 440.456 0.836134 0.762137 0.772714 0.656663 910.689 -1.21288 2.37428 584.517
379.653 0.201503 0.419619 286.343 0.294951 2.45844 592.068 0.579181 0.414772 0.792819 0.65389 480.692 -1.85744 1.96731 709.029
330.59 0.0841924 0.837007 257.767 -0.88223 1.19608 330.032 0.666531 0.69938 0.604412 0.685203 828.647 -2.54452 2.54259 678.385
330.555 -0.726099 -0.44695 280.897 -1.38858 1.49838 578.179 0.306397 0.400424 0.749476 0.689689 46.7919 2.23466 0.736282 1008.67
462.848 1.1061 3.05008 327.759 0.0513831 -1.88289 659.161 0.604858 0.638826 0.719359 0.675737 458.539 0.663538 2.38655 830.175
376.564 0.36894 -2.91903 328.083 0.950109 -1.32446 598.8 0.535493 0.619651 0.635944 0.754046 555.719 1.014 2.33845 788.813
355.69 -2.00265 -0.270186 292.716 -1.0555 -2.09835 616.549 0.766768 0.672233 0.83593 0.760088 482.748 1.87941 2.14959 607.855
412.916 1.04229 -2.01779 274.787 -0.178179 -0.305749 686.067 0.744427 0.766968 0.833638 0.7672 619.422 1.86376 2.16951 721.836
294.422 1.19579 0.519047 290.749 1.11583 2.08393 422.895 0.846809 0.635623 0.726752 0.690165 553.646 -1.79748 2.31653 566.4
471.56 0.434005 -1.42171 370.008 0.137515 -3.0162 623.288 0.802659 0.425493 0.760948 0.749245 68.4357 0.876293 2.298 1035.3
665.884 -1.53635 2.80707 302.04 -0.109706 -0.558213 1197.26 0.15535 0.59217 0.63428 0.76054 1175.35 -0.286928 0.271285 1000.4
531.581 0.639 -1.54128 276.834 0.396363 1.78347 791.698 0.839257 0.239028 0.820709 0.611438 25.2856 0.805397 0.978069 1000.33
440.554 0.943673 -2.13388 253.693 0.407108 2.62474 541.608 0.759399 0.469534 0.875523 0.701625 1563 0.704525 1.92021 680.066
521.238 -0.95689 2.19504 257.58 -1.49662 0.0701735 688.042 0.45654 0.81693 0.806282 0.800044 160.505 -1.99177 2.06194 878.542
328.006 0.405705 -2.48585 317.981 0.808301 2.55073 413.865 0.703558 0.727339 0.845554 0.480172 988.43 -0.016657 2.4692 736.329
540.326 0.847067 -0.115099 272.278 -0.205133 1.77887 760.84 0.667916 0.700751 0.743028 0.739213 700.148 -2.49324 2.01107 789.167
382.592 -1.08068 -1.81133 312.538 0.143778 -2.77964 564.784 0.328742 0.66984 0.745297 0.834795 675.5 1.09625 2.4073 815.998
270.6 -1.08466 1.4632 259.925 0.535906 2.68389 582.578 0.543557 0.41705 0.764922 0.571643 803.702 -0.93394 2.39714 510.712
466.902 0.844226 1.94585 269.696 1.3019 0.664686 474.777 0.444436 0.327151 0.650399 0.732639 223.122 -2.02475 2.31258 894.568
372.624 -0.615256 -1.9973 310.256 -0.498751 2.67032 521.513 0.187258 0.486399 0.653577 0.792139 880.683 -0.0543264 1.94298 792.418
620.418 0.158371 -0.588129 281.171 1.08979 1.22809 787.763 0.727937 0.511783 0.789359 0.754161 73.1186 -3.05946 1.99564 1090.17
311.528 0.704735 1.67389 256.549 -0.222735 0.463301 459.948 0.794458 0.412301 0.772772 0.748274 373.467 -1.88325 2.34655 590.405
347.815 -0.789825 0.524361 251.974 0.2514 1.42165 425.038 0.699461 0.769498 0.6034 0.782193 460.526 -2.1648 2.68916 824.274
450.554 -1.48655 1.32204 281.192 1.03818 0.292806 1219.86 0.692858 0.643628 0.748866 0.805226 835.737 -2.26134 2.55415 694.893
277.783 -1.12892 0.766859 265.185 1.02383 -2.62838 905.471 0.801885 0.289825 0.852674 0.810749 140.917 -2.5786 0.0497794 675.968
414.023 0.0725619 -1.56563 262.365 1.19027 2.80072 681.867 0.463977 0.624291 0.880903 0.774899 484.56 0.642161 2.15856 709.428
360.195 0.261621 0.909921 266.869 1.20989 2.38854 533.217 0.869502 0.734885 0.768141 0.780933 161.807 -1.6114 2.28324 818.763
296.843 -0.580915 1.78122 266.627 1.41521 2.04613 680.986 0.742855 0.637152 0.78845 0.815077 195.451 -0.977592 2.75881 743.392
327.668 0.258063 1.21594 253.346 1.01029 -0.0918825 443.034 0.55985 0.756271 0.757236 0.755897 589.677 -2.86588 2.20137 641.576
311.312 0.209016 0.170006 306.775 1.40196 1.10905 506.557 0.407585 0.354926 0.548343 0.758856 673.192 -2.3276 2.49761 698.625
280.164 -1.14781 -0.459031 257.866 -1.07425 1.40257 466.137 0.785848 0.46823 0.7421 0.726653 443.732 -2.62881 2.16978 498.917
332.715 -0.194348 2.9896 321.073 0.311943 -2.17032 396.471 0.717525 0.732523 0.698721 0.670796 1387.16 0.139167 2.30948 863.205
283.761 -1.39831 -0.806769 251.493 -0.0432114 -2.71734 600.823 0.727835 0.60368 0.778186 0.755486 335.244 1.5071 2.05875 778.925
427.67 0.548772 -2.89148 388.008 0.0400646 1.6983 657.461 0.630924 0.701556 0.782424 0.819804 511.77 -0.332699 2.031 930.397
345.753 -0.15832 -2.32717 327.093 -0.695817 -1.01108 459.996 0.461758 0.288926 0.778946 0.50621 271.222 1.84821 2.1078 885.808
289.341 0.0319554 -2.96867 250.039 -1.5893 1.4808 661.842 0.620182 0.81037 0.805819 0.773237 259.098 -0.891052 2.07762 738.792
359.957 -0.824501 0.303437 332.393 0.327159 2.22285 717.083 0.664427 0.645068 0.807875 0.638844 596.85 -1.88505 2.17528 665.736
357.075 -0.359229 -1.45184 303.078 -0.908985 0.213941 531.109 0.561013 0.698927 0.687157 0.764593 561.113 2.63068 2.20067 775.363
545.753 -0.928411 -2.86373 333.091 -0.0722743 -0.948778 826.808 0.733569 0.367057 0.846774 0.679565 562.041 1.0862 2.03498 893.292
341.328 0.0759153 -0.656215 286.568 0.184697 -2.39621 496.19 0.676944 0.824963 0.75983 0.815072 263.047 1.8338 2.05317 641.443
346.735 -1.19178 -2.70363 274.177 1.87124 -2.70811 1362.31 0.772768 0.745329 0.805301 0.745212 303.834 -0.00395821 2.69967 741.938
299.886 0.0460975 -1.23562 290.211 -0.623029 -3.12291 548.571 0.410264 0.754351 0.764384 0.831215 511.982 0.945777 2.1814 568.481
386.069 0.430368 1.15517 299.884 -0.385717 0.346244 409.942 0.782639 0.801279 0.816668 0.838358 335.361 -2.73388 2.39414 1147.29
333.755 0.839832 -1.44061 275.488 0.300199 2.81319 546.923 0.793656 0.782361 0.781072 0.735537 426.734 0.775806 2.03739 629.423
295.195 -1.2994 2.88238 279.851 0.112692 -1.61137 650.113 0.770186 0.369901 0.765553 0.761586 412.899 0.627163 2.23853 643.461
557.682 -0.833127 -1.18884 488.2 -0.70667 -0.117276 552.344 0.533548 0.664241 0.797671 0.769918 1080.04 2.77135 2.323 1434.26
450.208 0.538005 2.48564 272.15 0.834163 -2.8105 386.808 0.524314 0.600341 0.806789 0.771607 1244.48 -0.636419 2.17408 731.475
299.479 -0.0618514 -2.35348 259.766 -1.57149 -1.41956 562.341 0.703251 0.53324 0.805075 0.813052 478.781 1.24765 2.66721 664.871
295.704 -0.425894 -0.83886 253.932 1.05209 0.542462 573.865 0.716591 0.784216 0.700675 0.78083 925.08 -2.90648 2.06762 554.741
401.674 0.693925 1.34028 285.991 -0.582145 2.84645 669.142 0.719616 0.795723 0.69449 0.693545 656.532 -0.947689 2.28797 675.699
333.004 1.27628 -3.0671 263.102 0.339447 -1.40912 542.331 0.210229 0.714547 0.778683 0.759408 88.5141 0.958958 2.25712 710.787
343.913 -0.601115 -2.98668 256.972 1.32089 -1.7697 758.566 0.651288 0.711263 0.831348 0.735033 379.528 1.03927 2.25723 673.862
397.611 0.730721 -0.713581 256.964 0.212659 -2.70753 592.638 0.240179 0.605285 0.746976 0.693887 451.164 1.29781 2.0114 682.38
365.006 1.32562 -2.14745 297.037 -0.381811 -3.03624 709.285 0.802397 0.747704 0.805061 0.888143 654.538 0.930631 2.31631 791.564
283.401 -1.87908 -0.75698 278.05 -0.253528 -1.23631 543.028 0.6033 0.781801 0.819046 0.774286 626.381 2.01481 2.77179 648.142
319.745 0.63308 2.37308 309.064 0.67236 0.64386 494.83 0.669396 0.563352 0.832071 0.791175 574.959 -1.38674 2.0306 618.335
440.955 -0.0717906 -0.213994 321.546 -0.700048 -1.6894 588.656 0.383889 0.776295 0.784426 0.852042 503.211 2.28621 2.30757 788.381
332.807 -0.57411 -0.409394 327.967 0.742147 1.5519 731.2 0.819797 0.656456 0.685263 0.778643 577.971 -2.50987 2.10047 651.165
469.789 1.09655 2.10547 401.714 0.247554 0.317307 792.09 0.580199 0.757078 0.704938 0.667174 175.573 -1.85553 2.17283 1165.74
369.758 0.842795 0.39131 253.038 0.74536 -0.73322 341.1 0.635579 0.612879 0.768862 0.759943 117.081 -2.89952 2.1663 923.643
335.422 0.449994 -2.45561 283.289 0.26405 1.96662 513.483 0.787406 0.767909 0.725254 0.775991 561.361 -0.0953012 2.06192 619.434
344.598 -0.391709 2.52101 264.122 -1.55445 2.49985 383.957 0.586847 0.6668 0.832955 0.811232 890.452 -0.196704 2.69656 770.794
351.175 -0.198988 -1.05283 327.679 0.170919 -2.86524 554.181 0.407577 0.361259 0.558168 0.564588 500.841 0.968532 2.02136 744.947
287.876 0.113959 -0.644813 251.616 0.441988 1.39247 477.885 0.668036 0.640922 0.767456 0.739086 716.507 -2.66221 2.0174 557.081
786.936 0.0310672 2.64879 262.575 -0.726851 1.66807 561.599 0.467842 0.600736 0.722563 0.598706 1135.82 -0.639216 2.30729 1143.88
746.711 -0.556381 -1.40074 377.431 0.094825 2.7511 1002.41 0.684805 0.53517 0.814146 0.850199 769.487 0.707521 2.04358 1105.77
284.261 -1.74973 -1.82658 278.668 0.614349 -0.381799 932.948 0.713094 0.25518 0.763615 0.714278 630.45 2.16315 2.29346 534.507
315.39 -0.345824 3.01633 267.313 0.270953 1.29571 487.054 0.666657 0.717845 0.76943 0.569941 399.305 -0.850209 2.14592 692.987
352.165 1.27099 -0.800032 250.868 -0.217995 -1.75115 572.03 0.613745 0.771459 0.878032 0.725723 441.833 1.64852 2.44856 727.976
310.02 0.397321 2.95256 284.857 -1.25321 -1.30217 752.253 0.612182 0.671902 0.914771 0.82574 310.3 0.758125 2.0603 618.592
699.792 0.57214 -0.23571 482.318 0.960043 1.58813 959.115 0.789436 0.790782 0.691802 0.7689 872.382 -2.65773 2.03733 1154.67
317.917 -0.0139311 0.657292 306.124 -0.901135 -0.0666586 374.794 0.657866 0.728133 0.7992 0.784867 583.037 -2.72812 2.66146 741.139
266.889 1.17684 2.67421 265.398 -0.958669 -2.72811 735.539 0.360062 0.756878 0.701164 0.755509 513.623 0.0440007 2.63021 560.511
440.494 -0.593281 1.99789 313.366 -0.100603 0.577876 535.406 0.728912 0.748829 0.690362 0.773306 387.129 -2.01896 2.26633 926.296
385.979 0.45454 -0.319524 257.697 0.539399 -1.79439 441.112 0.592106 0.605853 0.75792 0.638437 423.868 2.16454 2.32426 652.09
288.771 -1.19123 -1.13815 275.335 1.49951 0.551907 1105.11 0.510043 0.706338 0.607763 0.827716 659.98 2.97813 2.1669 579.457
494.102 1.27017 -0.978859 314.955 -0.621279 0.994823 1100.85 0.607183 0.542859 0.7764 0.780677 391.616 3.00158 2.00675 850.407
334.521 0.675285 -1.67939 280.068 1.73126 2.38146 675.423 0.262167 0.741729 0.759412 0.804225 514.003 0.344388 2.02378 642.104
321.242 -1.88032 -1.54219 259.256 0.178911 -1.13248 726.589 0.456552 0.757419 0.783683 0.793431 450.255 1.78038 2.91286 768.894
423.502 -0.0504948 3.05884 350.323 -0.674161 -1.85619 563.346 0.720055 0.811593 0.72441 0.784634 921.575 0.155481 2.01168 944.596
400.083 0.242189 -0.21573 377.979 0.177778 -1.58723 508.483 0.491964 0.680209 0.634637 0.683838 214.082 1.87987 2.0956 1082.77
486.72 0.464734 -2.95343 275.001 -0.922873 -0.973538 848.183 0.742627 0.519838 0.759753 0.755162 417.505 1.10482 2.07836 757.719
349.622 -1.70555 0.50784 313.789 0.580789 1.88285 1033.65 0.387639 0.662698 0.775411 0.750609 514.003 -2.14373 2.2566 811.794
321.49 0.872641 0.921453 314.473 0.922992 2.55149 486.182 0.766885 0.701677 0.75537 0.75573 746.135 -1.51817 2.21353 593.205
306.283 -2.43398 -0.67393 296.614 -1.3349 -1.2286 399.169 0.802354 0.771018 0.85252 0.733585 763.305 2.22343 2.83115 582.835
484.447 -0.17664 0.132474 324.925 0.0527833 2.67748 800.832 0.726086 0.217549 0.727471 0.748203 169.896 2.73813 0.0606472 967.237
427.382 -1.60832 -3.06897 423.339 0.341058 1.36829 1190.33 0.364169 0.58999 0.797729 0.573172 642.534 -0.657225 2.02551 870.285
699.223 -0.482729 0.693481 264.55 -1.02821 -0.665827 611.505 0.554175 0.667226 0.785853 0.797801 101.197 -2.85834 2.19251 1147.44
311.304 -0.72684 -2.52768 252.236 1.85665 -1.10383 1019.3 0.77459 0.820528 0.707717 0.864251 187.375 1.54056 2.21494 722.293
341.361 0.634678 0.310879 311.04 -1.01146 -0.632068 686.291 0.578627 0.788177 0.753532 0.786939 312.965 -2.79521 2.16314 736.878
340.946 1.77281 2.5834 269.173 0.312638 -2.46975 614.725 0.630741 0.673795 0.910557 0.735171 551.743 -0.291932 2.17782 703.735
425.555 -0.273963 2.89067 300.441 -1.53641 0.834813 792.037 0.429733 0.705112 0.749135 0.802014 510.738 -1.2216 2.05641 686.951
479.139 1.03357 -1.91375 255.985 -0.894957 -0.152965 969.179 0.702574 0.726613 0.64486 0.824835 479.222 1.88424 2.03721 722.972
371.795 0.51748 -2.31506 262.262 -0.530292 2.73692 512.383 0.735455 0.540749 0.741137 0.853273 601.232 0.426471 2.31044 714
372.269 1.67509 0.612946 277.309 0.202816 1.08562 552.477 0.340719 0.804142 0.810184 0.705411 479.642 -2.66982 2.52775 721.398
283.958 0.220328 2.13713 250.69 0.346659 0.913618 329.49 0.614887 0.538935 0.786929 0.802289 1150.72 -1.52504 2.43866 647.026
433.258 -0.213152 -0.736077 260.945 0.829835 0.179065 480.037 0.353823 0.619297 0.672501 0.681454 614.416 3.06525 2.48186 895.839
369.88 -0.274359 2.15333 318.47 0.943125 0.618637 661.844 0.761865 0.413747 0.685469 0.838492 296.293 -1.62269 2.24133 835.895
365.983 -1.22041 1.06172 268.323 -1.64147 2.31163 428.788 0.276401 0.529492 0.834782 0.725575 722.095 -1.55878 2.41277 603.054
400.69 -0.0867593 2.80876 267.259 1.355 3.05492 536.117 0.31574 0.297253 0.77167 0.822338 517.458 -0.0731553 2.88191 841.253
421.842 0.590055 1.69091 287.696 -0.0216811 2.72559 418.654 0.663585 0.726173 0.667045 0.728277 589.033 -0.520597 2.2115 954.276
373.559 -0.16803 -1.82636 305.104 -0.995607 0.1818 653.907 0.420023 0.815552 0.829452 0.813871 664.587 2.27987 2.09807 671.419
